"Index";"cpit";"coret";"deflt";"rev_pci";"rev_pci_fe";"rev_defl";"rev_pce";"rev_pce_fe"
1947 Q1;NA;NA;NA;NA;NA;NA;NA;NA
1947 Q2;NA;NA;NA;NA;NA;NA;NA;NA
1947 Q3;NA;NA;NA;NA;NA;NA;NA;NA
1947 Q4;NA;NA;NA;NA;NA;NA;NA;NA
1948 Q1;NA;NA;NA;6.81818;NA;6.46984;NA;NA
1948 Q2;NA;NA;NA;9.375;NA;5.90035;NA;NA
1948 Q3;NA;NA;NA;6.65499;NA;6.09709;NA;NA
1948 Q4;NA;NA;NA;2.73387;NA;3.86412;NA;NA
1949 Q1;NA;NA;NA;1.74468;NA;2.52635;NA;NA
1949 Q2;NA;NA;NA;-0.95238;NA;0.60754;NA;NA
1949 Q3;NA;NA;NA;-2.50411;NA;-1.73129;NA;NA
1949 Q4;NA;NA;NA;-1.82952;NA;-1.96533;NA;NA
1950 Q1;NA;NA;NA;-1.12923;NA;-1.65488;NA;NA
1950 Q2;NA;NA;NA;-0.16722;NA;-0.30194;NA;NA
1950 Q3;NA;NA;NA;2.48421;NA;2.391;NA;NA
1950 Q4;NA;NA;NA;5.80263;NA;4.2314;NA;NA
1951 Q1;NA;NA;NA;9.47547;NA;8.19867;NA;NA
1951 Q2;NA;NA;NA;8.58459;NA;8.52415;NA;NA
1951 Q3;NA;NA;NA;6.9433;NA;6.28253;NA;NA
1951 Q4;NA;NA;NA;5.96477;NA;5.52874;NA;NA
1952 Q1;NA;NA;NA;1.97063;NA;1.82927;NA;NA
1952 Q2;NA;NA;NA;2.31392;NA;1.29322;NA;NA
1952 Q3;NA;NA;NA;2.30503;NA;2.36038;NA;NA
1952 Q4;NA;NA;NA;0.90669;NA;1.49304;NA;NA
1953 Q1;NA;NA;NA;0.90944;NA;1.56765;NA;NA
1953 Q2;NA;NA;NA;0.90464;NA;1.63285;NA;NA
1953 Q3;NA;NA;NA;0.97634;NA;0.93036;NA;NA
1953 Q4;NA;NA;NA;0.59903;NA;0.84819;NA;NA
1954 Q1;NA;NA;NA;1.12655;NA;1.12613;NA;NA
1954 Q2;NA;NA;NA;0.63504;NA;1.0314;NA;NA
1954 Q3;NA;NA;NA;-0.29751;NA;0.73742;NA;NA
1954 Q4;NA;NA;NA;-0.37216;NA;0.81477;NA;NA
1955 Q1;NA;NA;NA;-0.51987;NA;0.98913;NA;NA
1955 Q2;NA;NA;NA;-0.85375;NA;1.30881;NA;NA
1955 Q3;NA;NA;NA;0.1492;NA;1.89542;NA;NA
1955 Q4;NA;NA;NA;0.37355;NA;2.60705;NA;NA
1956 Q1;NA;NA;NA;0.37327;NA;3.14588;NA;NA
1956 Q2;NA;NA;NA;1.64732;NA;3.33312;NA;NA
1956 Q3;NA;NA;NA;1.8622;NA;3.89352;NA;NA
1956 Q4;NA;NA;NA;2.82843;NA;3.30941;NA;NA
1957 Q1;NA;NA;NA;3.60729;NA;3.66621;NA;NA
1957 Q2;NA;NA;NA;3.53591;NA;3.77571;NA;NA
1957 Q3;NA;NA;NA;3.54662;NA;3.11169;NA;NA
1957 Q4;NA;NA;NA;3.04017;NA;2.7484;NA;NA
1958 Q1;NA;NA;NA;3.62527;2.78746;2.46891;NA;NA
1958 Q2;NA;NA;NA;2.84596;2.42215;2.04205;NA;NA
1958 Q3;NA;NA;NA;2.08333;2.06186;2.04778;NA;NA
1958 Q4;NA;NA;NA;1.75623;2.04778;2.46544;NA;NA
1959 Q1;NA;NA;NA;0.34638;1.69492;1.63983;NA;NA
1959 Q2;NA;NA;NA;0.6918;2.02703;1.49941;NA;NA
1959 Q3;NA;NA;NA;1.17606;2.0202;1.26151;NA;NA
1959 Q4;NA;NA;NA;1.51881;2.00669;1.18554;NA;NA
1960 Q1;NA;NA;NA;1.51881;2;1.32797;5.55733;2.04799
1960 Q2;NA;NA;NA;1.71762;1.65563;1.44818;3.73509;1.815
1960 Q3;NA;NA;NA;1.23077;0.9901;1.43701;2.83426;1.5681
1960 Q4;NA;NA;NA;1.36008;0.65574;1.35057;2.62995;1.35391
1961 Q1;NA;NA;NA;1.46209;0.98039;1.15537;2.29955;1.28419
1961 Q2;NA;NA;NA;0.77676;0.9772;1.13513;3.26778;1.28993
1961 Q3;NA;NA;NA;1.24958;1.63399;1.03393;3.32534;1.3509
1961 Q4;NA;NA;NA;0.67092;1.62866;1.05353;6.39132;1.1929
1962 Q1;NA;NA;NA;1.1059;1.2945;1.35811;5.85626;1.5643
1962 Q2;NA;NA;NA;1.23995;1.29032;1.27544;5.74275;1.4812
1962 Q3;NA;NA;NA;1.46765;1.28617;1.22124;7.07451;1.29482
1962 Q4;NA;NA;NA;1.23292;1.28205;1.08763;6.00737;1.23316
1963 Q1;NA;NA;NA;1.12695;1.27796;1.00914;4.88963;1.06463
1963 Q2;NA;NA;NA;1.32406;1.27389;1.0131;5.8742;1.1849
1963 Q3;NA;NA;NA;0.98619;1.26984;0.92722;4.49499;1.26215
1963 Q4;NA;NA;NA;1.64582;1.58228;1.54978;5.6402;1.64207
1964 Q1;NA;NA;NA;1.40937;1.57729;1.42643;7.19233;1.72718
1964 Q2;NA;NA;NA;1.30676;1.57233;1.50163;7.79901;1.52765
1964 Q3;NA;NA;NA;1.17188;1.25392;1.78759;8.11091;1.45327
1964 Q4;NA;NA;NA;1.19819;1.24611;1.42732;6.68016;1.31989
1965 Q1;NA;NA;NA;1.19586;1.24224;1.61432;7.82803;1.18797
1965 Q2;NA;NA;NA;1.93486;1.23839;1.82334;5.80238;1.19534
1965 Q3;NA;NA;NA;1.73745;1.54799;1.81601;8.48514;1.32267
1965 Q4;NA;NA;NA;1.92;1.53846;2.04048;9.6537;1.45381
1966 Q1;NA;NA;NA;2.77866;1.53374;2.18644;9.63356;1.55844
1966 Q2;NA;NA;NA;2.43594;2.44648;2.56809;9.27031;2.25365
1966 Q3;NA;NA;NA;3.57369;3.04878;3.15604;8.24127;2.64176
1966 Q4;NA;NA;NA;3.3595;3.33333;3.33103;6.55419;3.08166
1967 Q1;NA;NA;2;2.54817;3.62538;3.09354;4.39353;3.09974
1967 Q2;NA;NA;2.8;2.84126;3.28358;2.77037;6.57287;2.88798
1967 Q3;NA;NA;2.7;2.59542;3.5503;2.75405;5.38885;3.10159
1967 Q4;NA;NA;3.7;3.28068;3.81232;3.00806;6.73975;3.144
1968 Q1;NA;NA;4;3.93939;4.37318;3.7215;9.72614;4.00377
1968 Q2;NA;NA;3.7;4.2042;4.62428;4.28768;9.71429;4.40735
1968 Q3;NA;NA;4.6;4.46429;4.85714;4.3176;10.16851;4.54412
1968 Q4;NA;NA;3.9;4.70588;5.08475;4.64444;9.77558;4.71958
1969 Q1;NA;NA;4.1;5.24781;5.58659;4.56875;8.22169;4.66059
1969 Q2;NA;NA;4.3;5.4755;5.8011;4.79906;8.06394;4.65994
1969 Q3;NA;NA;5.1;5.69801;5.99455;5.2352;7.96414;4.68706
1969 Q4;NA;NA;4.1;5.89888;5.91398;5.10501;8.05613;4.78365
1970 Q1;NA;NA;4.2;6.09418;6.08466;5.49088;7.37663;4.65816
1970 Q2;NA;NA;4.5;6.01093;6.52742;5.61243;7.56191;4.63272
1970 Q3;NA;NA;4;5.66038;6.16967;5.00229;7.49064;4.62423
1970 Q4;NA;NA;4.2;5.57029;6.59898;5.03375;6.87831;4.95708
1971 Q1;NA;NA;4.7;4.43864;5.23691;5.15593;7.86481;4.97343
1971 Q2;NA;NA;4.6;4.38144;4.90196;5.07623;8.28183;5.06934
1971 Q3;NA;NA;4.1;4.08163;4.11622;5.27972;8.18058;4.59442
1971 Q4;NA;NA;2.4;3.26633;3.09524;4.77094;9.45095;3.75404
1972 Q1;NA;NA;5.6;3.5;3.31754;4.79266;9.86823;3.54713
1972 Q2;NA;NA;4;2.96296;2.80374;4.06357;8.8613;2.99652
1972 Q3;NA;NA;3.3;3.18627;3.02326;3.98539;9.57849;3.14281
1972 Q4;NA;NA;2.8;3.40633;3.00231;4.43841;10.67708;3.0684
1973 Q1;NA;NA;5.7;4.83092;3.21101;4.04233;11.16738;2.94884
1973 Q2;NA;NA;6;5.9952;3.18182;4.98489;10.86643;3.70533
1973 Q3;NA;NA;6.4;7.36342;3.83747;5.99249;11.29712;4.29428
1973 Q4;NA;NA;7;8.94118;4.70852;6.74525;8.78019;5.1265
1974 Q1;NA;NA;8.4;10.13825;5.77778;7.52504;8.28339;6.30862
1974 Q2;NA;NA;9;10.85973;7.92952;8.4293;9.94325;7.72921
1974 Q3;NA;NA;10.5;11.9469;10.21739;9.48435;9.86336;9.18105
1974 Q4;NA;NA;11.9;12.09503;11.34904;10.51077;9.69945;10.05522
1975 Q1;NA;NA;7.2;10.46025;11.34454;10.90533;9.88597;9.96119
1975 Q2;NA;NA;7.2;9.18367;9.79592;9.95115;10.66781;8.51412
1975 Q3;NA;NA;7.4;7.90514;7.49507;8.75563;10.49331;7.17851
1975 Q4;NA;NA;7.3;7.12909;6.73077;7.40567;13.5741;6.69221
1976 Q1;NA;NA;4.7;6.06061;6.60377;6.11745;12.56297;6.0825
1976 Q2;NA;NA;4.8;5.98131;6.3197;5.61512;11.05821;5.93218
1976 Q3;NA;NA;5.1;5.49451;6.78899;5.10566;10.80212;6.15116
1976 Q4;NA;NA;5.9;5.03597;6.12613;5.21485;10.9375;5.84665
1977 Q1;NA;NA;5.9;6.42857;6.19469;5.8079;11.04448;6.25785
1977 Q2;NA;NA;7.2;6.70194;6.64336;6.21285;10.7971;6.62266
1977 Q3;NA;NA;5.6;6.42361;6.18557;6.15181;10.75636;6.44365
1977 Q4;NA;NA;6.9;6.67808;6.45161;6.56809;10.31217;6.50236
1978 Q1;NA;NA;7.5;6.37584;6.33333;6.44373;11.34037;6.42093
1978 Q2;NA;NA;8.6;7.43802;6.88525;6.89131;12.91163;6.62694
1978 Q3;NA;NA;7;8.48287;7.9288;7.35753;12.29382;6.79776
1978 Q4;NA;NA;8.1;8.98876;8.45295;7.28438;12.03614;6.93125
1979 Q1;NA;NA;8.9;10.25237;9.40439;7.5985;11.11915;6.76898
1979 Q2;NA;NA;9.6;11.07692;9.35583;8.2219;10.47699;7.3436
1979 Q3;NA;NA;8.7;11.8797;9.89505;8.71517;12.43737;7.49069
1979 Q4;13;NA;9.9;13.25479;11.32353;8.6004;11.34289;7.94232
1980 Q1;16.9;NA;9.2;14.59227;12.60745;8.91187;11.557;9.30831
1980 Q2;16.1;NA;10.9;14.26593;13.60449;8.67408;9.07825;8.91592
1980 Q3;7;NA;8.5;12.76882;12.00546;8.84975;8.91276;9.47941
1980 Q4;12.4;NA;12.9;12.35371;12.15324;9.66989;11.06123;9.61684
1981 Q1;11.5;NA;9.1;10.61174;9.92366;10.11923;11.4284;9.05546
1981 Q2;9.3;NA;8.1;9.69697;9.38272;9.77397;12.50725;8.87386
1981 Q3;12;NA;8.4;10.96544;11.81486;9.23496;10.31893;8.39672
1981 Q4;8.2;NA;9;8.91204;9.54064;8.28954;7.24333;7.67037
1982 Q1;3.8;NA;5;6.88488;8.68056;7.12984;6.09507;6.89272
1982 Q2;4.5;NA;6.1;7.18232;8.46501;6.42458;5.76219;6.49092
1982 Q3;8.1;NA;6.4;4.94092;5.88235;6.04952;7.14866;6.02769
1982 Q4;3.1;NA;6;3.82572;4.51613;5.2544;8.92005;5.82454
1983 Q1;0.2;NA;3.8;3.59029;4.57934;4.63994;9.09899;5.618
1983 Q2;5.3;NA;3.2;2.47423;3.22581;4.0942;11.24768;5.07772
1983 Q3;4.7;NA;4;2.76356;3.39506;3.69122;10.91564;5.19954
1983 Q4;5.4;NA;4.9;3.7871;4.73251;3.30774;10.63486;4.31127
1984 Q1;5.3;NA;4.8;4.89297;5.09165;3.57042;10.31423;4.42298
1984 Q2;4.4;NA;4.3;4.32596;5.34274;3.73979;9.66328;4.44768
1984 Q3;3.7;NA;3.4;4.28287;5.27363;3.49665;8.6016;3.74458
1984 Q4;4.5;NA;4.1;4.04339;4.91159;3.43053;8.01118;4.10872
1985 Q1;3.1;NA;4.2;3.79009;4.74806;3.51851;9.04613;4.24119
1985 Q2;4.1;NA;2.9;3.66442;4.40191;3.29008;7.9202;4.12452
1985 Q3;2.3;NA;3.1;3.24737;3.96975;3.05359;10.44365;4.19768
1985 Q4;3.7;NA;3.7;3.79147;4.30712;2.95833;8.98842;4.01678
1986 Q1;1.8;4.4;3.3;2.15356;4.07031;2.28475;6.69603;3.64988
1986 Q2;-1.5;4;2.1;1.76744;3.94134;2.0622;6.45352;3.43675
1986 Q3;2.8;3.3;2;1.75763;4.18182;1.88308;6.3801;3.13295
1986 Q4;3.2;4.1;0.8;1.18721;3.7702;1.86186;6.66005;3.14161
1987 Q1;5.1;4.1;2.8;2.84143;3.64444;2.10272;6.83317;2.76128
1987 Q2;4.4;4.4;3.6;3.74771;3.96825;2.3776;7.47868;3.09459
1987 Q3;3.8;3.9;3.3;4.27273;4.01396;2.70658;5.30389;3.40272
1987 Q4;3.8;4.5;2.5;4.33213;4.15225;2.98233;5.9818;3.59468
1988 Q1;3.5;4.5;3.4;3.83244;4.37393;3.04355;8.23537;3.95815
1988 Q2;4.8;4.7;4.7;3.96476;4.49534;3.34692;8.00414;4.2707
1988 Q3;4.8;4.4;3.8;4.18483;4.61409;3.81055;7.90671;4.48188
1988 Q4;4.5;5.1;4.6;4.41176;4.65116;3.78424;8.94419;4.58934
1989 Q1;5.4;5.2;3.9;4.8927;4.68365;4.10694;7.22131;4.52375
1989 Q2;6.6;4.3;5.4;5.16949;4.54545;4.17633;7.39897;4.14484
1989 Q3;2.6;3.7;3.4;4.43515;4.17001;3.70917;7.27428;3.65158
1989 Q4;3.6;4.2;3.8;4.6396;4.44444;3.60012;6.45514;3.59494
1990 Q1;7.7;5.8;5.6;5.23732;4.78807;3.60504;7.31256;3.89716
1990 Q2;3.3;4.7;4.3;4.67365;4.8913;3.60241;6.66871;4.00115
1990 Q3;6.4;5.9;4.2;6.16987;5.54273;3.77598;6.83324;4.30447
1990 Q4;7.2;4.2;4.1;6.25495;5.31915;3.83895;4.78558;3.9561
1991 Q1;3.7;7;4.5;4.82115;5.24345;3.72868;4.19462;3.57243
1991 Q2;2.2;3.2;3;4.69592;4.95929;3.37342;3.55376;3.38842
1991 Q3;2.8;4.2;1.6;3.39623;4.59519;3.21095;2.94594;3.35006
1991 Q4;3.4;3.4;2.9;2.98063;4.40115;2.98867;4.12347;3.41867
1992 Q1;2.6;3.8;3.2;3.18991;3.84342;2.4101;5.2065;3.2526
1992 Q2;3.6;4;2.7;3.01471;3.73766;2.3617;6.01198;2.98341
1992 Q3;2.9;2.7;2.5;2.9927;3.27755;2.09906;6.81546;2.63405
1992 Q4;3.5;3.7;2.8;2.96671;3.38632;2.23712;7.87329;2.79528
1993 Q1;3.8;4.3;3.5;3.01941;3.35846;2.37911;5.73495;2.7017
1993 Q2;3.1;3.4;2.6;2.99786;3.39905;2.34841;6.28844;2.89149
1993 Q3;1.5;2.2;2.3;2.764;3.24105;2.47727;6.00388;2.80373
1993 Q4;2.9;2.7;2.3;2.81096;3.14171;2.32019;5.39765;2.45816
1994 Q1;2.1;2.6;2.5;2.65178;2.98408;2.23445;6.72553;2.39819
1994 Q2;2.7;3.1;2.4;2.4948;2.82709;2.12379;6.05544;2.25405
1994 Q3;3.8;3;1.7;2.96552;3.0085;2.0614;5.84924;2.17544
1994 Q4;2.3;2.6;1.7;2.5974;2.59235;2.09051;5.91631;2.1734
1995 Q1;3.2;3.5;3.3;2.78722;2.96201;2.18152;5.16783;2.17277
1995 Q2;3.5;3.6;2.2;3.0426;3.00512;2.12176;5.71392;2.05045
1995 Q3;2;2.6;2.7;2.54521;2.98413;2.05491;5.15066;2.10835
1995 Q4;2.3;2.7;1.9;2.53165;3.03222;1.99661;5.30202;2.10261
1996 Q1;3.2;2.7;3;2.84392;2.81426;1.96382;5.90849;1.93908
1996 Q2;4;2.6;2.1;2.82152;2.66915;1.90332;5.09502;1.85076
1996 Q3;2.4;2.6;2.1;3.00457;2.65105;1.70753;5.50322;1.89572
1996 Q4;3.3;2.7;2.5;3.37882;2.63642;1.72289;5.49989;1.85427
1997 Q1;2.5;2.2;3.1;2.76527;2.43309;1.80276;5.41144;1.92487
1997 Q2;1.1;2.9;1.9;2.23357;2.41838;1.69144;5.03455;1.95643
1997 Q3;2.1;1.9;1.5;2.2194;2.22222;1.76743;5.74436;1.59592
1997 Q4;2.2;2.2;1.9;1.69705;2.27001;1.59004;5.82594;1.43528
1998 Q1;0.5;2.5;1.4;1.37672;2.25653;1.12818;5.42939;1.19886
1998 Q2;2;2.7;1.7;1.62297;2.24321;1.06606;6.86818;0.95144
1998 Q3;1.9;2.1;1.5;1.4268;2.35018;1.08274;6.50953;1.18029
1998 Q4;2;2.5;1;1.60692;2.45327;1.06257;6.67903;1.31084
1999 Q1;1.6;1.7;1.6;1.7284;2.03252;1.40214;6.66147;1.21397
1999 Q2;3.6;2.5;1.7;1.9656;1.96305;1.53011;6.52343;1.39238
1999 Q3;2.5;1.7;1.1;2.62997;2.06659;1.51809;6.93615;1.42507
1999 Q4;2.9;2.6;1.7;2.6764;1.88141;1.66482;7.70719;1.4402
2000 Q1;3.9;2.2;2.9;3.76214;2.44735;1.93283;9.0118;1.84135
2000 Q2;3.6;2.8;2.6;3.73494;2.54813;2.16795;7.82725;1.71356
2000 Q3;3;2.5;1.8;3.4565;2.53093;2.45947;7.89244;1.82273
2000 Q4;2.8;2.5;2.3;3.43602;2.57415;2.54013;6.2559;1.80598
2001 Q1;3.6;2.8;3.4;2.98246;2.61111;2.40134;4.57646;1.77488
2001 Q2;2.9;2.5;2.9;3.19396;2.70569;2.5434;4.77589;2.00154
2001 Q3;0.6;2.5;3.7;2.59217;2.63302;2.21662;2.04973;1.1742
2001 Q4;-0.6;2.4;0.3;1.60367;2.78232;1.97838;3.02188;1.73881
2002 Q1;1.2;2.2;1.5;1.36286;2.43638;1.66643;3.6257;1.5076
2002 Q2;3.4;2.4;1.3;1.06922;2.25806;1.32976;3.79028;1.65511
2002 Q3;1.8;2.1;1.1;1.516;2.24479;1.44928;5.26308;2.43384
2002 Q4;2.3;2;2.1;2.48027;1.96391;1.69067;5.04312;1.74823
2003 Q1;3.8;1.7;2;3.02521;1.74419;1.9906;4.82087;1.69509
2003 Q2;0.6;1;0.9;1.94878;1.47213;1.93723;4.84381;1.41267
2003 Q3;2.2;1.7;1.5;2.37832;1.25457;2.04719;6.03143;1.29972
2003 Q4;1.3;1.8;1.1;2.0352;1.09318;1.97896;5.58351;1.40713
2004 Q1;3.3;1.3;2.1;1.74008;1.55844;2.23836;6.47001;1.71984
2004 Q2;4.5;3.1;2.6;3.16767;1.86528;2.79914;6.23729;2.0181
2004 Q3;1.8;1.5;0.8;2.53917;1.9618;2.86194;6.33731;2.01861
2004 Q4;3.6;2.4;1.9;3.34232;2.26571;3.09459;6.79934;2.1171
2005 Q1;2.2;2.2;2.8;3.20684;2.35294;3.14954;6.17535;2.22626
2005 Q2;4.2;2.1;2.5;2.54103;2.03459;3.00197;6.95585;2.05312
2005 Q3;5.3;1.9;2.6;4.74183;1.92405;3.32916;6.5759;2.11145
2005 Q4;2.5;2.2;2.2;3.33855;2.1148;3.38816;5.9919;2.27638
2006 Q1;2.1;2.2;3.4;3.41792;2.09895;3.24483;6.32763;2.11379
2006 Q2;4.8;3.4;3.8;4.18172;2.64207;3.32521;5.79467;2.37573
2006 Q3;3.1;3;2.2;2.01207;2.93095;3.08228;5.27029;2.39237
2006 Q4;-1.9;2.3;1.5;2.52398;2.61341;2.6638;5.42496;2.13493
2007 Q1;3.3;2.4;3.9;2.7982;2.50514;3.0075;5.05557;2.28564
2007 Q2;6;1.9;2.9;2.69277;2.18164;2.75619;4.73405;1.94931
2007 Q3;1.9;2.6;0.8;2.83383;2.10135;2.39798;4.72221;2.04572
2007 Q4;4;2.3;1.8;4.10881;2.43537;2.48588;4.53003;2.32663
2008 Q1;5;3;2.5;3.9749;2.38852;1.92646;3.86852;2.16915
2008 Q2;4.7;1.7;0.2;4.93597;2.39173;1.853;4.38226;2.32072
2008 Q3;7.2;3.4;4.9;4.95332;2.43862;2.19622;2.49759;2.10757
2008 Q4;-8.5;0.8;2.4;-0.02223;1.76246;1.89779;-2.04471;1.40102
2009 Q1;-2.4;1.3;3.4;-0.44648;1.78761;1.56929;-2.6119;1.10373
2009 Q2;1.2;2.3;-0.6;-1.22917;1.71197;0.90914;-3.36769;1.09208
2009 Q3;3.6;1.5;0.7;-1.37794;1.47984;0.20066;-2.06085;1.02851
2009 Q4;3.3;1.7;0.7;2.81412;1.82367;0.35466;2.63131;1.49655
2010 Q1;1.6;0.2;2;2.28617;1.15921;0.45971;3.61905;1.56112
2010 Q2;-1;0.6;1.1;1.12156;0.9502;1.07413;3.65329;1.31434
2010 Q3;1.6;1.6;1.9;1.11831;0.81439;1.55798;3.98465;1.19353
2010 Q4;2.2;0.3;0.2;1.43779;0.66189;1.777;4.35474;0.94725
2011 Q1;4.6;1.5;1.6;2.61924;1.20979;1.86725;4.83384;1.08677
2011 Q2;4.2;2.4;3.8;3.50232;1.58368;2.15613;5.02169;1.46019
2011 Q3;2.7;2.6;2.8;3.81262;1.98772;2.30605;5.08039;1.71646
2011 Q4;0.9;1.7;1;3.06207;2.27666;1.93038;3.74853;1.95639
2012 Q1;NA;NA;NA;2.58288;2.24834;2.01857;3.81443;2.10612
2012 Q2;NA;NA;NA;1.65387;2.19229;1.74318;3.00663;1.89847
2012 Q3;NA;NA;NA;1.94972;2.00824;1.67682;3.1546;1.72818
2012 Q4;NA;NA;NA;1.7595;1.89969;1.94193;3.31754;1.72301
2013 Q1;NA;NA;NA;1.52618;1.89165;1.8025;2.49745;1.5554
2013 Q2;NA;NA;NA;1.68472;1.62963;1.55037;2.93524;1.44961
2013 Q3;NA;NA;NA;1.13283;1.73373;1.49373;2.63139;1.49504
2013 Q4;NA;NA;NA;1.51457;1.7305;1.6057;3.39248;1.54967
2014 Q1;NA;NA;NA;1.58373;1.6482;1.63048;4.02696;1.51458
2014 Q2;NA;NA;NA;2.00324;1.91674;1.99118;4.59268;1.67457
2014 Q3;NA;NA;NA;1.6496;1.73487;1.96388;4.82935;1.70382
2014 Q4;NA;NA;NA;0.6676;1.61962;1.58776;4.57894;1.47932
2015 Q1;NA;NA;NA;0.00466;1.75205;1.15004;4.22105;1.36641
2015 Q2;NA;NA;NA;0.16454;1.75876;1.12612;4.06584;1.3026
2015 Q3;NA;NA;NA;-0.008;1.89336;1.00653;3.87872;1.33764
2015 Q4;NA;NA;NA;0.65851;2.09891;1.06818;3.60296;1.37033
2016 Q1;NA;NA;NA;0.88521;2.19243;1.14886;3.14261;1.62878
2016 Q2;NA;NA;NA;1.02056;2.21799;1.21274;4.00357;1.71538
2016 Q3;NA;NA;NA;1.49031;2.21871;1.21684;4.22103;1.83523
2016 Q4;NA;NA;NA;2.09169;2.22094;1.51747;4.67865;1.86929
2017 Q1;NA;NA;NA;2.38325;2.00397;1.95692;5.13289;1.61081
2017 Q2;NA;NA;NA;1.64608;1.71309;1.60001;4.01333;1.50496
2017 Q3;NA;NA;NA;2.22692;1.69478;1.79346;4.36553;1.32838
2017 Q4;NA;NA;NA;NA;NA;NA;NA;NA
