"ffr";"ffrb";"cpit";"cpit1";"cpit2";"cpit3";"cpit4";"cpit5";"cpit6";"cpit7";"cpit8";"coret";"coret1";"coret2";"coret3";"coret4";"coret5";"coret6";"coret7";"coret8";"deflt";"deflt1";"deflt2";"deflt3";"deflt4";"deflt5";"deflt6";"deflt7";"deflt8";"layoffs";"employment_fluct";"realtime_gap";"expost_gap";"spread_baa";"spread_sp_3m";"base";"m1";"m2";"surplus_gdp";"debt_growth";"debt_gdp";"debt_fed";"debt_fed_share"
NA;NA;NA;NA;NA;NA;NA;NA;NA;NA;NA;NA;NA;NA;NA;NA;NA;NA;NA;NA;NA;NA;NA;NA;NA;NA;NA;NA;NA;NA;-0.56;NA;-0.188932531198725;NA;NA;NA;NA;NA;NA;NA;NA;NA;NA
NA;NA;NA;NA;NA;NA;NA;NA;NA;NA;NA;NA;NA;NA;NA;NA;NA;NA;NA;NA;NA;NA;NA;NA;NA;NA;NA;NA;NA;NA;0.640000000000001;NA;-1.8301359108974;NA;NA;NA;NA;NA;NA;NA;NA;NA;NA
NA;NA;NA;NA;NA;NA;NA;NA;NA;NA;NA;NA;NA;NA;NA;NA;NA;NA;NA;NA;NA;NA;NA;NA;NA;NA;NA;NA;NA;NA;1.45;NA;-2.0530699205888;NA;NA;NA;NA;NA;NA;NA;NA;NA;NA
NA;NA;NA;NA;NA;NA;NA;NA;NA;NA;NA;NA;NA;NA;NA;NA;NA;NA;NA;NA;NA;NA;NA;NA;NA;NA;NA;NA;NA;NA;1.75;NA;-4.20051610436777;NA;NA;NA;NA;NA;NA;NA;NA;NA;NA
NA;NA;NA;NA;NA;NA;NA;NA;NA;NA;NA;NA;NA;NA;NA;NA;NA;NA;NA;NA;NA;NA;NA;NA;NA;NA;NA;NA;NA;NA;1.14;NA;-1.67444931842838;NA;NA;NA;NA;NA;NA;NA;NA;NA;NA
NA;NA;NA;NA;NA;NA;NA;NA;NA;NA;NA;NA;NA;NA;NA;NA;NA;NA;NA;NA;NA;NA;NA;NA;NA;NA;NA;NA;NA;NA;0.34;NA;0.0186289120715393;NA;-0.387626427709754;NA;NA;NA;NA;NA;NA;NA;NA
NA;NA;NA;NA;NA;NA;NA;NA;NA;NA;NA;NA;NA;NA;NA;NA;NA;NA;NA;NA;NA;NA;NA;NA;NA;NA;NA;NA;NA;NA;-0.67;NA;2.56127281923945;NA;1.9415852259177;NA;NA;NA;NA;NA;NA;NA;NA
NA;NA;NA;NA;NA;NA;NA;NA;NA;NA;NA;NA;NA;NA;NA;NA;NA;NA;NA;NA;NA;NA;NA;NA;NA;NA;NA;NA;NA;NA;-1.08;NA;3.21906923950057;NA;0.298576245039832;NA;NA;NA;NA;NA;NA;NA;NA
NA;NA;NA;NA;NA;NA;NA;NA;NA;NA;NA;NA;NA;NA;NA;NA;NA;NA;NA;NA;NA;NA;NA;NA;NA;NA;NA;NA;NA;NA;-1.79;NA;3.30374753451676;NA;0.300595360371108;NA;NA;NA;NA;NA;NA;NA;NA
NA;NA;NA;NA;NA;NA;NA;NA;NA;NA;NA;NA;NA;NA;NA;NA;NA;NA;NA;NA;NA;NA;NA;NA;NA;NA;NA;NA;NA;NA;-2.21;NA;3.70681647277393;NA;-2.30688192992491;NA;NA;NA;NA;NA;NA;NA;NA
NA;NA;NA;NA;NA;NA;NA;NA;NA;NA;NA;NA;NA;NA;NA;NA;NA;NA;NA;NA;NA;NA;NA;NA;NA;NA;NA;NA;NA;NA;-2.13;NA;4.42524221000262;NA;1.87064451158673;NA;NA;NA;NA;NA;NA;NA;NA
NA;NA;NA;NA;NA;NA;NA;NA;NA;NA;NA;NA;NA;NA;NA;NA;NA;NA;NA;NA;NA;NA;NA;NA;NA;NA;NA;NA;NA;NA;-1.94;NA;3.24177716548991;NA;-0.887028857280536;NA;NA;NA;NA;NA;NA;NA;NA
NA;NA;NA;NA;NA;NA;NA;NA;NA;NA;NA;NA;NA;NA;NA;NA;NA;NA;NA;NA;NA;NA;NA;NA;NA;NA;NA;NA;NA;NA;-2.26;NA;2.8999660326087;NA;-0.739045756697679;NA;NA;NA;NA;NA;NA;NA;NA
NA;NA;NA;NA;NA;NA;NA;NA;NA;NA;NA;NA;NA;NA;NA;NA;NA;NA;NA;NA;NA;NA;NA;NA;NA;NA;NA;NA;NA;NA;-2.37;NA;1.65341146923399;NA;-0.85261350780161;NA;NA;NA;NA;NA;NA;NA;NA
NA;NA;NA;NA;NA;NA;NA;NA;NA;NA;NA;NA;NA;NA;NA;NA;NA;NA;NA;NA;NA;NA;NA;NA;NA;NA;NA;NA;NA;NA;-2.18;NA;0.982537257977943;NA;-2.34566744681876;NA;NA;NA;NA;NA;NA;NA;NA
NA;NA;NA;NA;NA;NA;NA;NA;NA;NA;NA;NA;NA;NA;NA;NA;NA;NA;NA;NA;NA;NA;NA;NA;NA;NA;NA;NA;NA;NA;-2.58;NA;2.92931350580567;NA;0.75927599130537;NA;NA;NA;NA;NA;NA;NA;NA
NA;NA;NA;NA;NA;NA;NA;NA;NA;NA;NA;NA;NA;NA;NA;NA;NA;NA;NA;NA;NA;NA;NA;NA;NA;NA;NA;NA;NA;NA;-2.67;NA;3.59486333078379;NA;-3.62578865161761;NA;NA;NA;NA;NA;NA;NA;NA
NA;NA;NA;NA;NA;NA;NA;NA;NA;NA;NA;NA;NA;NA;NA;NA;NA;NA;NA;NA;NA;NA;NA;NA;NA;NA;NA;NA;NA;NA;-2.77;NA;3.32257678976934;NA;-3.70129753262765;NA;NA;NA;NA;NA;NA;NA;NA
NA;NA;NA;NA;NA;NA;NA;NA;NA;NA;NA;NA;NA;NA;NA;NA;NA;NA;NA;NA;NA;NA;NA;NA;NA;NA;NA;NA;NA;NA;-2.67;NA;1.77190213101816;NA;-3.06910633764859;NA;NA;NA;NA;NA;NA;NA;NA
NA;NA;NA;NA;NA;NA;NA;NA;NA;NA;NA;NA;NA;NA;NA;NA;NA;NA;NA;NA;NA;NA;NA;NA;NA;NA;NA;NA;NA;NA;-1.67;NA;-0.622138748679408;NA;0.551659109415822;NA;NA;NA;NA;NA;NA;NA;NA
NA;NA;NA;NA;NA;NA;NA;NA;NA;NA;NA;NA;NA;NA;NA;NA;NA;NA;NA;NA;NA;NA;NA;NA;NA;NA;NA;NA;NA;NA;-0.0700000000000003;NA;-1.79473234402921;NA;1.68551502347871;NA;NA;NA;NA;NA;NA;NA;NA
NA;NA;NA;NA;NA;NA;NA;NA;NA;NA;NA;NA;NA;NA;NA;NA;NA;NA;NA;NA;NA;NA;NA;NA;NA;NA;NA;NA;NA;NA;0.43;NA;-2.33105630813169;NA;1.9066291354352;NA;NA;NA;NA;NA;NA;NA;NA
1.06;NA;NA;NA;NA;NA;NA;NA;NA;NA;NA;NA;NA;NA;NA;NA;NA;NA;NA;NA;NA;NA;NA;NA;NA;NA;NA;NA;NA;NA;0.63;NA;-1.8183213134878;NA;2.48219095405929;NA;NA;NA;NA;NA;NA;NA;NA
1.28;1.06;NA;NA;NA;NA;NA;NA;NA;NA;NA;NA;NA;NA;NA;NA;NA;NA;NA;NA;NA;NA;NA;NA;NA;NA;NA;NA;NA;NA;-0.0700000000000003;NA;-0.488158346363591;NA;2.56621392452701;NA;NA;NA;NA;NA;NA;NA;NA
1.35;1.28;NA;NA;NA;NA;NA;NA;NA;NA;NA;NA;NA;NA;NA;NA;NA;NA;NA;NA;NA;NA;NA;NA;NA;NA;NA;NA;NA;NA;-0.67;NA;1.71688459351905;NA;-0.668717696166108;NA;NA;NA;NA;NA;NA;NA;NA
1.64;1.35;NA;NA;NA;NA;NA;NA;NA;NA;NA;NA;NA;NA;NA;NA;NA;NA;NA;NA;NA;NA;NA;NA;NA;NA;NA;NA;NA;NA;-0.98;NA;2.73456627368262;NA;2.34672614814267;NA;NA;NA;NA;NA;NA;NA;NA
2.18;1.64;NA;NA;NA;NA;NA;NA;NA;NA;NA;NA;NA;NA;NA;NA;NA;NA;NA;NA;NA;NA;NA;NA;NA;NA;NA;NA;NA;NA;-1.28;NA;3.47009058920416;NA;0.218594653925133;NA;NA;NA;NA;NA;NA;NA;NA
2.48;2.18;NA;NA;NA;NA;NA;NA;NA;NA;NA;NA;NA;NA;NA;NA;NA;NA;NA;NA;NA;NA;NA;NA;NA;NA;NA;NA;NA;NA;-1.19;NA;3.44468417528459;NA;-0.986288427236757;NA;NA;NA;NA;NA;NA;NA;NA
2.5;2.48;NA;NA;NA;NA;NA;NA;NA;NA;NA;NA;NA;NA;NA;NA;NA;NA;NA;NA;NA;NA;NA;NA;NA;NA;NA;NA;NA;NA;-1.4;NA;2.38403252633524;NA;-0.200710904042543;NA;NA;NA;NA;NA;NA;NA;NA
2.71;2.5;NA;NA;NA;NA;NA;NA;NA;NA;NA;NA;NA;NA;NA;NA;NA;NA;NA;NA;NA;NA;NA;NA;NA;NA;NA;NA;NA;NA;-1.21;NA;2.56702166727874;NA;-3.62474068106567;NA;NA;NA;NA;NA;NA;NA;NA
2.95;2.71;NA;NA;NA;NA;NA;NA;NA;NA;NA;NA;NA;NA;NA;NA;NA;NA;NA;NA;NA;NA;NA;NA;NA;NA;NA;NA;NA;NA;-1.31;NA;1.80213045381585;NA;-3.74996629564592;NA;NA;NA;NA;NA;NA;NA;NA
2.94;2.95;NA;NA;NA;NA;NA;NA;NA;NA;NA;NA;NA;NA;NA;NA;NA;NA;NA;NA;NA;NA;NA;NA;NA;NA;NA;NA;NA;NA;-1.31;NA;2.74970111944353;NA;-2.07362051173566;NA;NA;NA;NA;NA;NA;NA;NA
2.96;2.94;NA;NA;NA;NA;NA;NA;NA;NA;NA;NA;NA;NA;NA;NA;NA;NA;NA;NA;NA;NA;NA;NA;NA;NA;NA;NA;NA;NA;-1.5;NA;2.6503164556962;NA;-4.98049934400657;NA;NA;NA;NA;NA;NA;NA;NA
3;2.96;NA;NA;NA;NA;NA;NA;NA;NA;NA;NA;NA;NA;NA;NA;NA;NA;NA;NA;NA;NA;NA;NA;NA;NA;NA;NA;NA;NA;-1.3;NA;1.60893296707217;NA;-0.763248032073044;NA;NA;NA;NA;NA;NA;NA;NA
3.47;3;NA;NA;NA;NA;NA;NA;NA;NA;NA;NA;NA;NA;NA;NA;NA;NA;NA;NA;NA;NA;NA;NA;NA;NA;NA;NA;NA;NA;-1.2;NA;1.7477445604104;NA;-7.02897312787632;NA;NA;NA;NA;NA;NA;NA;NA
2.98;3.47;NA;NA;NA;NA;NA;NA;NA;NA;NA;NA;NA;NA;NA;NA;NA;NA;NA;NA;NA;NA;NA;NA;NA;NA;NA;NA;NA;NA;-0.5;NA;-0.157844891087025;NA;-5.27634763725781;NA;NA;NA;NA;NA;NA;NA;NA
1.2;2.98;NA;NA;NA;NA;NA;NA;NA;NA;NA;NA;NA;NA;NA;NA;NA;NA;NA;NA;NA;NA;NA;NA;NA;NA;NA;NA;NA;NA;0.899999999999999;NA;-3.61190294097198;NA;-0.0460593229610835;NA;NA;NA;NA;NA;NA;NA;NA
0.93;1.2;NA;NA;NA;NA;NA;NA;NA;NA;NA;NA;NA;NA;NA;NA;NA;NA;NA;NA;NA;NA;NA;NA;NA;NA;NA;NA;NA;NA;2;NA;-3.84496124031007;NA;1.43780007580624;NA;NA;NA;NA;NA;NA;NA;NA
1.76;0.93;NA;NA;NA;NA;NA;NA;NA;NA;NA;NA;NA;NA;NA;NA;NA;NA;NA;NA;NA;NA;NA;NA;NA;NA;NA;NA;NA;NA;1.9;NA;-2.50273149412729;NA;1.69468701743577;NA;NA;NA;NA;NA;NA;NA;NA
2.42;1.76;NA;NA;NA;NA;NA;NA;NA;NA;NA;NA;NA;NA;NA;NA;NA;NA;NA;NA;NA;NA;NA;NA;NA;NA;NA;NA;NA;NA;1;NA;-1.13001996143044;NA;0.574059073454521;NA;NA;NA;NA;NA;NA;NA;NA
2.8;2.42;NA;NA;NA;NA;NA;NA;NA;NA;NA;NA;NA;NA;NA;NA;NA;NA;NA;NA;NA;NA;NA;NA;NA;NA;NA;NA;NA;NA;0.39;NA;-0.18778083294212;NA;-2.63142471130544;50;139.3;287.8;NA;NA;NA;NA;NA
3.39;2.8;NA;NA;NA;NA;NA;NA;NA;NA;NA;NA;NA;NA;NA;NA;NA;NA;NA;NA;NA;NA;NA;NA;NA;NA;NA;NA;NA;NA;-0.32;NA;1.31587691898717;NA;-1.22625058512543;50.169;140.5;292.1;NA;NA;NA;NA;NA
3.76;3.39;NA;NA;NA;NA;NA;NA;NA;NA;NA;NA;NA;NA;NA;NA;NA;NA;NA;NA;NA;NA;NA;NA;NA;NA;NA;NA;NA;NA;-0.13;NA;0.190959075494674;NA;-4.45900054048365;50.728;141.5;296.1;-0.523808902337246;NA;NA;NA;NA
3.99;3.76;NA;NA;NA;NA;NA;NA;NA;NA;NA;NA;NA;NA;NA;NA;NA;NA;NA;NA;NA;NA;NA;NA;NA;NA;NA;NA;NA;NA;0.149999999999999;NA;-0.352261978538119;NA;-2.51114244989215;51.014;140.3;297.1;-0.329184786897015;NA;NA;NA;NA
3.84;3.99;NA;NA;NA;NA;NA;NA;NA;NA;NA;NA;NA;NA;NA;NA;NA;NA;NA;NA;NA;NA;NA;NA;NA;NA;NA;NA;NA;NA;-0.380000000000001;NA;0.891588060472926;NA;-6.50378517401041;49.917;139.9;298.7;1.04127918883438;NA;NA;NA;NA
3.32;3.84;NA;NA;NA;NA;NA;NA;NA;NA;NA;NA;NA;NA;NA;NA;NA;NA;NA;NA;NA;NA;NA;NA;NA;NA;NA;NA;NA;NA;-0.29;NA;-0.476616979080022;NA;-2.05164120913878;49.802;139.6;301.1;-0.0994855265724556;NA;NA;NA;NA
2.6;3.32;NA;NA;NA;NA;NA;NA;NA;NA;NA;NA;NA;NA;NA;NA;NA;NA;NA;NA;NA;NA;NA;NA;NA;NA;NA;NA;NA;NA;-0.00999999999999979;NA;-1.21302337366188;NA;-4.41304407548811;50.218;140.9;306.5;-0.0991180816068212;NA;NA;NA;NA
1.98;2.6;NA;NA;NA;NA;NA;NA;NA;NA;NA;NA;NA;NA;NA;NA;NA;NA;NA;NA;NA;NA;NA;NA;NA;NA;NA;NA;NA;NA;0.79;NA;-3.37117410938284;NA;0.432745582526081;50.048;140.8;310.9;-0.19975932415158;NA;NA;NA;NA
2.02;1.98;NA;NA;NA;NA;NA;NA;NA;NA;NA;NA;NA;NA;NA;NA;NA;NA;NA;NA;NA;NA;NA;NA;NA;NA;NA;NA;NA;NA;1.29;NA;-3.66425488308543;NA;1.4157369002865;48.635;141.5;316.3;0.598307002585248;NA;NA;NA;NA
1.73;2.02;NA;NA;NA;NA;NA;NA;NA;NA;NA;NA;NA;NA;NA;NA;NA;NA;NA;NA;NA;NA;NA;NA;NA;NA;NA;NA;NA;NA;1.49;NA;-2.8052043923595;NA;-2.51588305206025;48.608;142.6;322.1;-0.73084215887163;NA;NA;NA;NA
1.88;1.73;NA;NA;NA;NA;NA;NA;NA;NA;NA;NA;NA;NA;NA;NA;NA;NA;NA;NA;NA;NA;NA;NA;NA;NA;NA;NA;NA;NA;1.29;NA;-2.12649281013893;NA;-1.23929089565795;49.383;143.4;327.6;-0.533379350081395;NA;NA;NA;NA
2.33;1.88;NA;NA;NA;NA;NA;NA;NA;NA;NA;NA;NA;NA;NA;NA;NA;NA;NA;NA;NA;NA;NA;NA;NA;NA;NA;NA;NA;NA;0.69;NA;-1.10132158590308;NA;-0.135270798054144;50.599;144.7;333.3;-0.49344822065539;NA;NA;NA;NA
2.85;2.33;NA;NA;NA;NA;NA;NA;NA;NA;NA;NA;NA;NA;NA;NA;NA;NA;NA;NA;NA;NA;NA;NA;NA;NA;NA;NA;NA;NA;0.0999999999999996;NA;-0.295813786715261;NA;-3.66501954757646;50.156;145.6;340.2;0.392253001793422;NA;NA;NA;NA
2.68;2.85;NA;NA;NA;NA;NA;NA;NA;NA;NA;NA;NA;NA;NA;NA;NA;NA;NA;NA;NA;NA;NA;NA;NA;NA;NA;NA;NA;NA;0;NA;-0.251390039039394;NA;-10.6956197602425;50.605;146.6;347.4;-0.395809098568776;NA;NA;NA;NA
2.9;2.68;NA;NA;NA;NA;NA;NA;NA;NA;NA;NA;NA;NA;NA;NA;NA;NA;NA;NA;NA;NA;NA;NA;NA;NA;NA;NA;NA;NA;0.0899999999999999;NA;-0.348289284982575;NA;-1.92719450838076;51.27;146.5;352.8;-0.362702921963315;NA;NA;NA;NA
2.93;2.9;NA;NA;NA;NA;NA;NA;NA;NA;NA;NA;NA;NA;NA;NA;NA;NA;NA;NA;NA;NA;NA;NA;NA;NA;NA;NA;NA;NA;-0.00999999999999979;NA;-1.02221063909884;NA;1.0086401468753;51.718;147.3;359.9;-0.555501797792975;NA;NA;NA;NA
2.98;2.93;NA;NA;NA;NA;NA;NA;NA;NA;NA;NA;NA;NA;NA;NA;NA;NA;NA;NA;NA;NA;NA;NA;NA;NA;NA;NA;NA;NA;0.27;NA;-1.01956067245181;NA;-1.12555707462781;51.285;148.8;367.9;0.614854433125239;NA;NA;NA;NA
2.99;2.98;NA;NA;NA;NA;NA;NA;NA;NA;NA;NA;NA;NA;NA;NA;NA;NA;NA;NA;NA;NA;NA;NA;NA;NA;NA;NA;NA;NA;0.16;NA;-0.832743237501773;NA;-1.56664949896809;51.795;150.2;375.9;-0.372101553749013;NA;NA;NA;NA
3.48;2.99;NA;NA;NA;NA;NA;NA;NA;NA;NA;NA;NA;NA;NA;NA;NA;NA;NA;NA;NA;NA;NA;NA;NA;NA;NA;NA;NA;NA;-0.0499999999999998;NA;-0.00840383214746434;NA;-2.18879449596665;52.759;151.7;383.6;-0.510737469970396;NA;NA;NA;NA
3.38;3.48;NA;NA;NA;NA;NA;NA;NA;NA;NA;NA;NA;NA;NA;NA;NA;NA;NA;NA;NA;NA;NA;NA;NA;NA;NA;NA;NA;NA;0.04;NA;-0.401717689430669;NA;-1.99120003667219;53.935;153.2;391;-0.410587467054219;NA;NA;NA;NA
3.43;3.38;NA;NA;NA;NA;NA;NA;NA;NA;NA;NA;NA;NA;NA;NA;NA;NA;NA;NA;NA;NA;NA;NA;NA;NA;NA;NA;NA;NA;-0.0700000000000003;NA;0.663286282033708;NA;-1.8153336940534;53.847;154.2;397.5;0.580264319274111;NA;NA;NA;NA
3.5;3.43;NA;NA;NA;NA;NA;NA;NA;NA;NA;NA;NA;NA;NA;NA;NA;NA;NA;NA;NA;NA;NA;NA;NA;NA;NA;NA;NA;NA;-0.39;NA;0.770065075921911;NA;-2.35543580020746;54.422;155.2;404.3;-0.425522682049369;NA;NA;NA;NA
3.45;3.5;NA;NA;NA;NA;NA;NA;NA;NA;NA;NA;NA;NA;NA;NA;NA;NA;NA;NA;NA;NA;NA;NA;NA;NA;NA;NA;NA;NA;-0.6;NA;1.04616540143244;NA;-2.49914188313845;55.58;157.8;413.5;-0.515530960490832;NA;NA;NA;NA
3.85;3.45;NA;NA;NA;NA;NA;NA;NA;NA;NA;NA;NA;NA;NA;NA;NA;NA;NA;NA;NA;NA;NA;NA;NA;NA;NA;NA;NA;NA;-0.62;NA;0.318454434478;NA;-3.45505390272882;56.895;159.8;421.9;-0.381067160231958;NA;NA;NA;NA
4.04;3.85;NA;NA;NA;NA;NA;NA;NA;NA;NA;NA;NA;NA;NA;NA;NA;NA;NA;NA;NA;NA;NA;NA;NA;NA;NA;NA;NA;NA;-0.739999999999999;NA;1.68534901425458;NA;-3.33998889957241;56.781;161;430.4;0.675553891671064;NA;NA;NA;NA
4.04;4.04;NA;NA;NA;NA;NA;NA;NA;NA;NA;NA;NA;NA;NA;NA;NA;NA;NA;NA;NA;NA;NA;NA;NA;NA;NA;NA;NA;NA;-0.96;NA;1.97646936602342;NA;-4.66872309251838;57.338;162;437.5;-0.213905738959959;NA;NA;NA;NA
4.01;4.04;NA;NA;NA;NA;NA;NA;NA;NA;NA;NA;NA;NA;NA;NA;NA;NA;NA;NA;NA;NA;NA;NA;NA;NA;NA;NA;NA;NA;-1.29;NA;2.93686888152316;NA;-1.6326423507591;58.391;163.8;446.1;-0.472459305387928;NA;NA;NA;NA
4.32;4.01;NA;NA;NA;NA;NA;NA;NA;NA;NA;NA;NA;NA;NA;NA;NA;NA;NA;NA;NA;NA;NA;NA;NA;NA;NA;NA;NA;NA;-1.61;3.75976797878319;4.22957653398405;NA;-3.26711715661258;59.924;166.8;455.8;-0.52673522307175;NA;NA;NA;NA
4.65;4.32;NA;NA;NA;NA;NA;NA;NA;NA;NA;NA;NA;NA;NA;NA;NA;NA;NA;NA;NA;NA;NA;NA;NA;NA;NA;NA;NA;NA;-1.84;4.39727562692762;5.6497033088605;NA;-5.78447539145491;60.068;169.7;464.6;0.178799481242207;NA;40.26076;NA;NA
5.17;4.65;NA;NA;NA;NA;NA;NA;NA;NA;NA;NA;NA;NA;NA;NA;NA;NA;NA;NA;NA;NA;NA;NA;NA;NA;NA;NA;NA;NA;-1.96;4.89821236326847;4.90576358844299;NA;-6.31098726454104;60.748;171.6;470.2;0.328603810539657;-1.53888793513417;39.15969;NA;NA
5.4;5.17;NA;NA;NA;NA;NA;NA;NA;NA;NA;NA;NA;NA;NA;NA;NA;NA;NA;NA;NA;NA;NA;NA;NA;NA;NA;NA;NA;NA;-1.98;4.52942930347706;4.46454911987413;NA;-8.42376668584705;62.052;171;473;-0.768874738205583;2.70003684391948;39.56481;NA;NA
5.4;5.4;NA;NA;NA;NA;NA;NA;NA;NA;NA;NA;NA;NA;NA;NA;NA;NA;NA;NA;NA;NA;NA;NA;NA;NA;NA;NA;NA;NA;-2.08;4.16745283295002;4.16352720997497;NA;-3.60771819794588;63.26;171.5;477.7;-0.401271444219299;1.39773889172101;39.44413;NA;NA
4.53;5.4;NA;NA;NA;NA;NA;NA;NA;NA;NA;NA;NA;NA;NA;NA;NA;NA;NA;NA;2;2;NA;NA;NA;NA;NA;NA;NA;4.27010923535253;-1.98;3.79916213174008;3.90150150150149;NA;-0.647126042462206;63.433;173.2;485.5;0.50733440955671;0.49313558450006;39.11903;NA;NA
3.98;4.53;NA;NA;NA;NA;NA;NA;NA;NA;NA;NA;NA;NA;NA;NA;NA;NA;NA;NA;2.8;2.8;NA;NA;NA;NA;NA;NA;NA;4.85581905748948;-1.98;2.58917975179252;2.78285646444259;NA;-3.49779293740197;63.554;175.6;497.1;0.440946037977151;-2.46372427194306;37.93832;NA;NA
3.99;3.98;NA;NA;NA;NA;NA;NA;NA;NA;NA;NA;NA;NA;NA;NA;NA;NA;NA;NA;2.7;3.7;NA;NA;NA;NA;NA;NA;NA;4.65003632840882;-1.98;2.0569773657875;2.46655714620982;NA;-2.13929354328051;64.915;179.5;510.6;-1.01421805971165;3.94805892502994;38.76021;NA;NA
4.51;3.99;NA;NA;NA;NA;NA;NA;NA;NA;NA;NA;NA;NA;NA;NA;NA;NA;NA;NA;3.7;3.5;NA;NA;NA;NA;NA;NA;NA;4.12556861685358;-1.88;1.94636863063344;2.09705855061705;NA;-4.83282366134334;66.722;182.4;521.4;-0.713153855286493;2.57655398045067;39.02434;NA;NA
5.05;4.51;NA;NA;NA;NA;NA;NA;NA;NA;NA;NA;NA;NA;NA;NA;NA;NA;NA;NA;4;4;NA;NA;NA;NA;NA;NA;NA;3.99672155577081;-2.08;1.93618925370381;2.99305061810509;NA;-7.29008985797418;67.477;184.8;530.3;-0.613039917789783;1.38591774249921;38.35726;NA;NA
6.07;5.05;NA;NA;NA;NA;NA;NA;NA;NA;NA;NA;NA;NA;NA;NA;NA;NA;NA;NA;3.7;4;NA;NA;NA;NA;NA;NA;NA;3.78116507148765;-2.19;2.24615102493307;3.53239922006075;NA;-2.22226775035875;68.301;188;539.1;-0.600516748877157;-1.18128947993998;36.88657;NA;NA
5.78;6.07;NA;NA;NA;NA;NA;NA;NA;NA;NA;NA;NA;NA;NA;NA;NA;NA;NA;NA;4.6;3.6;NA;NA;NA;NA;NA;NA;NA;3.72696265718092;-2.3;2.27032079934662;3.10482424677188;NA;-4.18138064891349;69.878;191.7;549.5;-0.288626497514481;2.67801729682926;37.25118;NA;NA
6.02;5.78;NA;NA;NA;NA;NA;NA;NA;NA;NA;NA;NA;NA;NA;NA;NA;NA;NA;NA;3.9;3.7;3.4;NA;NA;NA;NA;NA;NA;3.56459468862345;-2.41;2.45857882199791;2.4255054984037;NA;-5.20586979288226;71.899;195.8;562.3;-0.210888615560721;0.92204050668272;36.9064;NA;NA
6.79;6.02;NA;NA;NA;NA;NA;NA;NA;NA;NA;NA;NA;NA;NA;NA;NA;NA;NA;NA;4.1;3.9;4.8;3.5;NA;NA;NA;NA;NA;3.58060303382558;-2.42;2.21356785237434;2.90853257293267;NA;-6.85288375152288;72.204;199.3;571.9;0.140925524429807;0.422813576271963;36.12076;NA;NA
8.9;6.79;NA;NA;NA;NA;NA;NA;NA;NA;NA;NA;NA;NA;NA;NA;NA;NA;NA;NA;4.3;5;3.7;NA;NA;NA;NA;NA;NA;3.42597199516668;-2.44;1.66411532640106;2.19293484160931;NA;-7.47178125923158;73.076;200.9;576.9;0.622282631152167;-1.86715622080218;34.89173;NA;NA
9.15;8.9;NA;NA;NA;NA;NA;NA;NA;NA;NA;NA;NA;NA;NA;NA;NA;NA;NA;NA;5.1;3.8;3.5;3.2;NA;NA;NA;NA;NA;3.67642909542351;-2.25;0.93470740507435;1.83628271012967;NA;-8.62382938407541;73.759;201.8;580.6;-0.194845997102179;2.18344389781855;34.9501;NA;NA
8.97;9.15;NA;NA;NA;NA;NA;NA;NA;NA;NA;NA;NA;NA;NA;NA;NA;NA;NA;NA;4.1;3.9;3.5;4.3;3.1;NA;NA;NA;NA;3.79625855598814;-2.26;0.325449359872427;0.462311986024113;NA;-7.73161665118297;75.586;203.5;585.6;-0.017104660764411;2.06918788633885;35.38253;NA;NA
7.76;8.97;NA;NA;NA;NA;NA;NA;NA;NA;NA;NA;NA;NA;NA;NA;NA;NA;NA;NA;4.2;4;3.7;3.5;NA;NA;NA;NA;NA;4.68651400204737;-1.68;-0.604229866694177;-0.564028898559293;NA;-8.10168215886;75.637;205.6;587.7;0.00962386236570772;1.02157911976164;35.31153;55.8;14.9997177472467
7.6;7.76;NA;NA;NA;NA;NA;NA;NA;NA;NA;NA;NA;NA;NA;NA;NA;NA;NA;NA;4.5;4;3.5;3.2;2.8;NA;NA;NA;NA;5.67538325347422;-1.09;-1.88172478965478;-1.16744566242587;NA;-13.6491196092578;76.614;207.2;591.7;-0.0972384062571398;-0.515564387434786;34.58499;57.7;15.59063373089
6.29;7.6;NA;NA;NA;NA;NA;NA;NA;NA;NA;NA;NA;NA;NA;NA;NA;NA;NA;NA;4;3.6;4.2;3;NA;NA;NA;NA;NA;5.41998929245682;-0.7;-2.86114648851692;-1.03804788749975;NA;-1.40448543418668;78.29;209.9;605.1;-0.669180388003533;2.29292123165123;34.78898;60;15.8445962004658
4.9;6.29;NA;NA;NA;NA;NA;NA;NA;NA;NA;NA;NA;NA;NA;NA;NA;NA;NA;NA;4.2;4.9;3.8;3.6;3.4;NA;NA;NA;NA;5.94136567809219;-0.11;-3.09193751492853;-2.76928795638525;NA;-2.38213982584738;79.715;213.7;621.3;-0.294396967411145;2.72991910771161;35.6535;62.1;15.9575288186289
3.71;4.9;NA;NA;NA;NA;NA;NA;NA;NA;NA;NA;NA;NA;NA;NA;NA;NA;NA;NA;4.7;4;4.7;3.6;NA;NA;NA;NA;NA;5.37095590311106;-0.0199999999999996;-4.42604852527426;-0.893827261731472;NA;-1.01174449541247;80.841;217.2;641.3;-0.378839273055041;0.642911133998858;34.42327;64.2;16.3914335610772
4.91;3.71;NA;NA;NA;NA;NA;NA;NA;NA;NA;NA;NA;NA;NA;NA;NA;NA;NA;NA;4.6;5.5;4.4;5.1;4.2;NA;NA;NA;NA;5.33443852821759;-0.0299999999999994;-3.62760961108165;-1.06224944547324;NA;-4.78934849709677;82.313;221.8;666;-0.754993819415894;1.4289705530091;34.26816;65.5;16.4860749298398
5.55;4.91;NA;NA;NA;NA;NA;NA;NA;NA;NA;NA;NA;NA;NA;NA;NA;NA;NA;NA;4.1;2.2;3.9;1.6;NA;NA;NA;NA;NA;5.66676932553126;0.0499999999999998;-3.31024115959387;-1.02209833151538;NA;-5.13180315785718;84.231;225.7;685.9;-0.61344687179768;3.69693756227036;34.92909;67.6;16.3971009149388
4.14;5.55;NA;NA;NA;NA;NA;NA;NA;NA;NA;NA;NA;NA;NA;NA;NA;NA;NA;NA;2.4;4;3.1;3.6;2.8;NA;NA;NA;NA;5.18750434843109;-0.0699999999999994;-2.99131890051546;-1.46371784332204;NA;-2.98253611029251;85.66;227.8;704.4;-0.367075009655689;2.83687464646274;35.53376;70.2;16.5514899877632
3.83;4.14;NA;NA;NA;NA;NA;NA;NA;NA;NA;NA;NA;NA;NA;NA;NA;NA;NA;NA;5.6;3.4;2.8;2.8;NA;NA;NA;NA;NA;4.76190476190476;-0.2;-2.52665457638784;-0.457675010944402;NA;-1.81195057827272;86.652;232.2;725.6;-0.509179564262665;0.754693972232801;34.63641;69.9;16.3568460069639
4.46;3.83;NA;NA;NA;NA;NA;NA;NA;NA;NA;NA;NA;NA;NA;NA;NA;NA;NA;NA;4;3.4;3.4;NA;NA;NA;NA;NA;NA;4.73571729986524;-0.319999999999999;-2.0125999154343;1.10022518073717;NA;-3.78866131774649;88.442;236;743.8;-0.469336371784468;-0.212935746478315;33.57492;71.4;16.7434661789018
4.87;4.46;NA;NA;NA;NA;NA;NA;NA;NA;NA;NA;NA;NA;NA;NA;NA;NA;NA;NA;3.3;2.9;4;3.5;4.2;4.5;NA;NA;NA;5.10967637365606;-0.45;-0.288924693086912;1.27639550614669;NA;-3.17561488929117;90.122;241;768.8;-0.107181332829757;1.7460150361325;33.54042;69.7;16.0619063201412
5.33;4.87;NA;NA;NA;NA;NA;NA;NA;NA;NA;NA;NA;NA;NA;NA;NA;NA;NA;NA;2.8;4.2;3.5;3.8;3.8;NA;NA;NA;NA;4.2937174869948;-0.67;0.325261325453316;2.1872810772943;NA;-2.67198818320049;91.112;246.9;794.4;-0.267293592850143;3.29283766218538;33.66914;69.9;15.5862225819615
7.09;5.33;NA;NA;NA;NA;NA;NA;NA;NA;NA;NA;NA;NA;NA;NA;NA;NA;NA;NA;5.7;3.9;4.2;4.5;NA;NA;NA;NA;NA;3.86711243320083;-1.2;1.43111392261524;3.91880407911;NA;-7.59681229444245;91.027;251.8;813.2;-0.346207006804368;2.23429746173878;33.21547;74.3;16.2012708076214
8.49;7.09;NA;NA;NA;NA;NA;NA;NA;NA;NA;NA;NA;NA;NA;NA;NA;NA;NA;NA;6;4.5;4.7;5.6;4.8;4.5;4.5;NA;NA;4.05802016618186;-1.22;2.1571356527434;4.26926245999962;NA;-8.84387071961457;93.145;254.8;826.6;-0.367074978776364;-0.281464894097283;32.25995;75;16.4000026240004
10.78;8.49;NA;NA;NA;NA;NA;NA;NA;NA;NA;NA;NA;NA;NA;NA;NA;NA;NA;NA;6.4;6.8;5.7;5;4.6;4.6;NA;NA;NA;4.19876034129516;-1.34;1.80206918737309;2.86436554398236;NA;-7.01276650128939;95.876;257.7;838.2;-0.0291569551312181;0.718357736720421;32.05832;76.2;16.5431359012101
9.95;10.78;NA;NA;NA;NA;NA;NA;NA;NA;NA;NA;NA;NA;NA;NA;NA;NA;NA;NA;7;7.1;6.2;5;6;NA;NA;NA;NA;4.36860155938909;-1.35;1.59106131323446;2.95924906698835;NA;-11.0246568553837;98.657;261;849;0.182951290664972;1.81980245924152;31.71341;78.5;16.7351350429464
9.35;9.95;NA;NA;NA;NA;NA;NA;NA;NA;NA;NA;NA;NA;NA;NA;NA;NA;NA;NA;8.4;7.3;5.8;6.2;NA;NA;NA;NA;NA;5.18167173796313;-1.06;0.896569318369926;1.20504437178888;NA;-8.86276907420751;99.681;265.3;864.7;-0.133161932048087;0.976302586457045;31.69031;79.5;16.7836596822716
11.93;9.35;NA;NA;NA;NA;NA;NA;NA;NA;NA;NA;NA;NA;NA;NA;NA;NA;NA;NA;9;7.5;7.5;6.1;5.3;NA;NA;NA;NA;4.95478283021271;-0.97;-1.33876950151578;0.546114258210226;NA;-11.1078243114282;102.706;267.8;875.1;-0.277995200137163;0.118154690877681;30.9109;80.5;16.9747066327875
11.34;11.93;NA;NA;NA;NA;NA;NA;NA;NA;NA;NA;NA;NA;NA;NA;NA;NA;NA;NA;10.5;8.9;8.4;7.2;6.7;7.4;NA;NA;NA;5.58113505125792;-0.57;-2.59876023080119;-1.34446074834923;NA;-18.2792550558007;105.131;270.1;884.5;-0.0549389866409794;1.51326366490423;30.79609;81;16.8236178670976
8.53;11.34;NA;NA;NA;NA;NA;NA;NA;NA;NA;NA;NA;NA;NA;NA;NA;NA;NA;NA;11.9;8.4;7.8;7.8;7;6;5.5;NA;NA;7.63730782021437;0.43;-3.9441633737967;-2.63707903967432;NA;-4.82534664871642;107.092;273.4;898;-0.22760168634601;2.29917840292515;30.73387;80.5;16.3397366156244
5.54;8.53;NA;NA;NA;NA;NA;NA;NA;NA;NA;NA;NA;NA;NA;NA;NA;NA;NA;NA;7.2;6.5;5.5;5.9;5;4.5;NA;NA;NA;9.16249756351114;2.13;-6.33012374260741;-4.66377244969648;NA;0.76531149610743;106.316;275.1;915.1;-0.769535751303719;3.39144745308708;31.4682;81.4;15.9714632725018
5.55;5.54;NA;NA;NA;NA;NA;NA;NA;NA;NA;NA;NA;NA;NA;NA;NA;NA;NA;NA;7.2;6.4;6.7;5.4;4.9;4.7;5.3;NA;NA;8.59345397530542;2.73;-8.94275388270881;-4.7438736872187;NA;-0.966455824246468;107.409;279.3;948.7;-1.6347092265099;4.51322077885248;32.18957;84.7;15.8855788202285
6.24;5.55;NA;NA;NA;NA;NA;NA;NA;NA;NA;NA;NA;NA;NA;NA;NA;NA;NA;NA;7.4;8.1;7.8;5.8;5.4;5.6;NA;NA;NA;7.53916237297374;2.33;-9.33363420165005;-3.96953325657604;NA;-10.550229950262;109.265;284.5;983.2;-1.03207045229989;3.76532171187964;32.30523;87;15.7139838200153
5.2;6.24;NA;NA;NA;NA;NA;NA;NA;NA;NA;NA;NA;NA;NA;NA;NA;NA;NA;NA;7.3;5;5.2;5.2;5.7;NA;NA;NA;NA;6.66932496398436;2.12;-6.69744992368372;-3.46305894755338;NA;-3.20831461376464;111.299;286.4;1007;-0.985319365380701;4.07064629725902;32.65468;87.9;15.2432415559552
4.84;5.2;NA;NA;NA;NA;NA;NA;NA;NA;NA;NA;NA;NA;NA;NA;NA;NA;NA;NA;4.7;5.5;5.8;6.3;5.2;5.7;NA;NA;NA;5.95372567932886;1.51;-4.62071987220614;-2.05017346280575;NA;-0.567504196914686;111.246;290.6;1039;-0.902326710721717;4.05122260757587;32.91258;89.8;14.9544538626788
5.48;4.84;NA;NA;NA;NA;NA;NA;NA;NA;NA;NA;NA;NA;NA;NA;NA;NA;NA;NA;4.8;5.7;6.3;5.6;5.1;NA;NA;NA;NA;6.32075233845145;1.4;-3.43367983533662;-2.06560099647083;NA;-4.67379576566162;113.69;295.6;1070.2;-0.791769504726614;3.26700210062114;33.41225;94.4;15.2152048894964
5.25;5.48;NA;NA;NA;NA;NA;NA;NA;NA;NA;NA;NA;NA;NA;NA;NA;NA;NA;NA;5.1;6.2;5.6;5;5.7;5.9;NA;NA;NA;6.44554281556565;1.49;-2.55268051551007;-2.31599910725015;NA;-4.84453807692747;115.562;298.6;1098.6;-0.624377887480221;2.27380122604384;33.57318;96.4;15.1882539967638
4.65;5.25;NA;NA;NA;NA;NA;NA;NA;NA;NA;NA;NA;NA;NA;NA;NA;NA;NA;NA;5.9;6.2;5.1;5.6;6.5;NA;NA;NA;NA;6.3568462660698;1.59;-2.15197883274034;-2.33410000851861;NA;-3.97415870576746;118.411;303.9;1138.4;-0.655233121317942;2.92543085818284;33.71559;97;14.8421756487331
4.69;4.65;NA;NA;NA;NA;NA;NA;NA;NA;NA;NA;NA;NA;NA;NA;NA;NA;NA;NA;5.9;5.8;5.6;6.5;5.9;5.4;NA;NA;NA;6.48326421800948;1.28;-2.00809342054535;-1.97596389513363;NA;-7.55915536260425;118.738;311.2;1177.1;-0.596669671942766;2.36850988684925;33.5863;96;14.3453370930071
5.39;4.69;NA;NA;NA;NA;NA;NA;NA;NA;NA;NA;NA;NA;NA;NA;NA;NA;NA;NA;7.2;6.4;6.5;6.1;5.6;NA;NA;NA;NA;5.85004019390514;0.869999999999999;-1.44499521278862;-0.848480783419417;NA;-4.14950941800611;121.143;317.3;1208.8;-0.492811335872466;0.776704667970129;32.7359;102.2;15.1536494050487
6.14;5.39;NA;NA;NA;NA;NA;NA;NA;NA;NA;NA;NA;NA;NA;NA;NA;NA;NA;NA;5.6;6.5;6.3;5.8;5.8;6.8;NA;NA;NA;5.71397645134521;0.66;-0.0586533303993859;0.0914821776084895;NA;-6.83683006918419;124.232;322.3;1236.6;-0.527418892493384;3.55613416175355;32.92688;104.7;14.9819701219163
6.56;6.14;NA;NA;NA;NA;NA;NA;NA;NA;NA;NA;NA;NA;NA;NA;NA;NA;NA;NA;6.9;6.3;6.4;6;7;NA;NA;NA;NA;5.9518573551263;0.45;0.0712448924313979;-0.717620469505254;NA;-6.60749606600666;127.757;328.6;1262.2;-0.806989811409275;2.83602601989372;33.15087;102.8;14.2987691652885
6.79;6.56;NA;NA;NA;NA;NA;NA;NA;NA;NA;NA;NA;NA;NA;NA;NA;NA;NA;NA;7.5;6.3;5.9;6.7;6.5;6.1;NA;NA;NA;5.09758708721074;0.04;0.61489272013697;-1.20079835094723;NA;-8.52119396015546;129.331;335.6;1285.8;-0.82625816080843;2.60953489270452;33.4111;101.6;13.7678517950379
7.6;6.79;NA;NA;NA;NA;NA;NA;NA;NA;NA;NA;NA;NA;NA;NA;NA;NA;NA;NA;8.6;6.9;7.3;7.2;6.7;NA;NA;NA;NA;4.89363423117366;-0.27;-0.318629770006647;1.74494032174365;NA;-4.19842686340619;132.346;343.9;1309.8;-0.311085361982539;1.48935989952665;32.05615;110.1;14.6991284658436
8.45;7.6;NA;NA;NA;NA;NA;NA;NA;NA;NA;NA;NA;NA;NA;NA;NA;NA;NA;NA;7;7.2;7.7;6.8;6.6;7.3;NA;NA;NA;5.4429004403271;-0.27;0.564354122380915;1.84387358132656;NA;-4.94957825687181;135.709;349.8;1334.2;-0.290252693517622;2.96226762057916;32.16241;115.3;14.9440602221001
10.03;8.45;NA;NA;NA;NA;NA;NA;NA;NA;NA;NA;NA;NA;NA;NA;NA;NA;NA;NA;8.1;8.1;7.2;7;7.6;NA;NA;NA;NA;4.99552858873204;-0.369999999999999;0.88645472823556;2.32042966197588;NA;-10.7286532289303;141.009;355.3;1359.1;-0.437832151713575;2.26349419173495;31.79466;109.6;13.887357816137
10.09;10.03;NA;NA;NA;NA;NA;NA;NA;NA;NA;NA;NA;NA;NA;NA;NA;NA;NA;NA;8.9;8.3;7.1;8;7.9;7.7;7.3;7.8;NA;5.22246535375638;-0.359999999999999;1.35628021100736;1.6576855612269;NA;-7.53161045034794;142.742;360.3;1379.1;-0.463964728674114;0.956502220870803;31.47385;110.9;13.9183124328557
10.29;10.09;NA;NA;NA;NA;NA;NA;NA;NA;NA;NA;NA;NA;NA;NA;NA;NA;NA;NA;9.6;7.6;8.7;8.1;8.1;7.7;8.2;NA;NA;5.4069709155314;-0.56;0.906929013494382;0.96089035190846;NA;-8.94967356708617;144.931;370.3;1411.8;-0.0858696343006117;1.01405309845859;31.00709;109.7;13.6288021189868
11.43;10.29;NA;NA;NA;NA;NA;NA;NA;NA;NA;NA;NA;NA;NA;NA;NA;NA;NA;NA;8.7;10.3;9.5;9.1;8.4;8.7;NA;NA;NA;5.56164778076851;-0.35;-0.168084445506672;0.903717529942454;NA;-7.65584992190156;148.763;378.4;1445.2;-0.121112015374272;2.64887084586665;30.95113;115.5;13.9742704039472
13.78;11.43;13;13.8;10.1;9;9;NA;NA;NA;NA;NA;NA;NA;NA;NA;NA;NA;NA;NA;9.9;9.8;9.4;8.9;9.2;NA;NA;NA;NA;5.96509047550703;-0.24;-0.0717839213520129;0.435474157233964;NA;-12.2634608446853;153.998;381.1;1466.7;-0.376211149217072;2.22509905393107;30.94869;117.5;13.9034168090534
17.19;13.78;16.9;14.3;12;8.8;8.2;9.3;8.1;8.7;NA;NA;NA;NA;NA;NA;NA;NA;NA;NA;9.2;10;9.5;10.1;9.5;8.6;7.9;8.3;NA;6.04887065010507;0.0699999999999994;-0.266903693383407;0.112004418804457;NA;-15.2073599239833;154.974;388.1;1492.4;-0.620066905579273;2.14632541327546;30.87613;116.7;13.5155324390151
9.47;17.19;16.1;13.1;8.2;8.6;9.8;9.5;9.1;NA;NA;NA;NA;NA;NA;NA;NA;NA;NA;NA;10.9;9.8;10.4;10.1;8.9;8.3;8.9;NA;NA;8.43061820111435;1.08;-0.562622115588305;-2.45071110297259;NA;-5.87177523051791;158.232;385.9;1514.6;-0.620950490051073;1.62697112571131;31.34448;124.5;14.1861911956737
10.87;9.47;7;11.4;11.8;10.7;9.6;9.3;NA;NA;NA;NA;NA;NA;NA;NA;NA;NA;NA;NA;8.5;11.5;10.3;8.9;7.8;8.8;NA;NA;NA;7.56152274342573;1.49;-3.34351437173386;-3.09999848188126;NA;-6.02715021287806;159.24;399.3;1560.3;-0.501548984037724;3.37081677857807;31.7378;120.7;13.2973302882777
18.9;10.87;12.4;15.1;13.3;10.3;9.4;8.7;8.5;8.3;8.2;NA;NA;NA;NA;NA;NA;NA;NA;NA;12.9;10.9;9.6;9.3;9.3;8.2;7.8;7.7;8.3;6.01254312387713;1.2;-3.69325610100529;-1.80791131115105;NA;-10.9799463533886;162.117;409.4;1593.5;-0.601437240422887;2.44953378909205;31.07433;121.3;13.0400662216059
14.7;18.9;11.5;11.6;11.9;10.5;8.6;8;7.8;7.5;NA;NA;NA;NA;NA;NA;NA;NA;NA;NA;9.1;8.9;8.7;9;8;7.7;7.6;8.3;NA;5.93742111790336;1.21;-2.22982706566911;-0.309481243333389;NA;-14.3311232786739;159.942;415;1620.7;-0.683119890019799;3.62316057265009;30.79798;119;12.3376024202436
19.1;14.7;9.3;11.3;10.5;8.8;7.9;7.4;7;NA;NA;NA;NA;NA;NA;NA;NA;NA;NA;NA;8.1;8.2;8.3;7.6;7.3;7.1;7.8;NA;NA;5.97121120901976;1.23;-1.59583269244164;-1.6365781182338;NA;-16.1051913089612;163.167;425.8;1664.6;-0.398769884300427;0.686367610696692;30.66252;120;12.3561792222609
15.87;19.1;12;10.6;10.5;8.1;6.4;6.5;NA;NA;NA;NA;NA;NA;NA;NA;NA;NA;NA;NA;8.4;8.8;6.7;6.9;6.5;7;NA;NA;NA;6.40858993544441;1.24;-2.22126738886969;-1.14978339564418;NA;-19.1052811300943;165.614;426.9;1694.1;-0.216304546150087;2.71023262326597;30.59779;124.3;12.4567196636786
12.37;15.87;8.2;8;7.3;7.4;6.2;NA;NA;NA;NA;NA;NA;NA;NA;NA;NA;NA;NA;NA;9;6.9;7.1;6.4;6.7;NA;NA;NA;NA;7.36713915829201;2.05;-2.82691644712608;-2.97480477383232;NA;-9.97071927034868;167.628;432.1;1737.8;-0.946951094115685;3.04713634856046;31.33026;131;12.7341603084972
14.68;12.37;3.8;4.5;6;5.7;5;5;4.9;4.9;NA;NA;NA;NA;NA;NA;NA;NA;NA;NA;5;6.6;5.4;5.5;5;4.8;4.2;5.2;NA;7.77397260273973;2.67;-4.11675065784458;-5.34179287760949;NA;-15.8225826246145;167.84;442.4;1777.1;-0.382079602716677;3.11695698664778;32.41795;126.6;11.9287778467708
14.15;14.68;4.5;6.6;5.5;5.1;4.9;4.7;4.5;NA;NA;NA;NA;NA;NA;NA;NA;NA;NA;NA;6.1;5.7;5.4;4.6;4.5;3.8;4.5;NA;NA;8.51278861851823;3.28;-5.26245027175024;-5.58496367090627;NA;-13.1271011788201;170.142;447.1;1815.1;-0.985292314262974;1.71247603007387;32.40867;127;11.7632892750294
10.31;14.15;8.1;4.4;5.6;5;4.9;4.7;NA;NA;NA;NA;NA;NA;NA;NA;NA;NA;NA;NA;6.4;5.4;4.8;4.1;3.9;4.3;NA;NA;NA;8.99883611620932;3.79;-5.70963041620825;-6.6915995397008;NA;-6.18476683077074;173.58;452.1;1845;-1.02770707945423;5.61933689048821;33.91747;134.4;11.7684659401857
8.95;10.31;3.1;5.3;5.8;4.9;4.6;NA;NA;NA;NA;NA;NA;NA;NA;NA;NA;NA;NA;NA;6;4.4;4.2;3.9;4;NA;NA;NA;NA;8.70759634762832;4.6;-5.74950746098193;-7.36978758006761;NA;-2.73607295337502;177.714;470.3;1886.4;-1.48323090465576;4.70684871345313;35.12747;139.3;11.6367075051334
8.77;8.95;0.2;4.1;4.5;4.3;4.2;4;3.9;3.8;NA;NA;NA;NA;NA;NA;NA;NA;NA;NA;3.8;4.5;3;3.2;3.4;3.4;3.4;3.7;NA;7.16966292134831;4.31;-6.60705626234213;-6.89425785175435;NA;-5.31089772532754;177.754;484;1990.5;-1.41087269046707;3.88479721760966;35.75821;136.7;10.9843928411008
8.98;8.77;5.3;4.6;4.3;4.3;4.2;4;4;NA;NA;NA;NA;NA;NA;NA;NA;NA;NA;NA;3.2;3.1;3.2;3.1;3.4;3.4;4;NA;NA;6.83452836290242;4.02;-5.85483189796525;-5.52130871305202;NA;-5.34525593249936;181.581;499.1;2041.7;-1.72502414669616;5.85860439053203;36.82072;141.7;10.7382570679632
9.45;8.98;4.7;5;4.9;5;5.2;5.3;NA;NA;NA;NA;NA;NA;NA;NA;NA;NA;NA;NA;4;4.1;4.5;4.3;4.4;4.5;NA;NA;NA;5.97973644129528;3.33;-4.42622555026639;-4.44085362456121;NA;-9.45364629073822;185.218;510.4;2074;-0.954683356097968;4.27461777046645;37.29954;155.4;11.2836740339716
9.47;9.45;5.4;5.2;5.2;5.4;5.3;NA;NA;NA;NA;NA;NA;NA;NA;NA;NA;NA;NA;NA;4.9;4.9;4.4;4.5;4.6;NA;NA;NA;NA;5.90495471960989;2.44;-2.84875531902001;-3.26480422227749;NA;-9.02961097839162;189.224;519.2;2111.7;-1.14650616070368;2.40270131624101;37.16188;151.9;10.7676887110105
9.91;9.47;5.3;5.1;5.6;5.6;5.6;5.7;5.9;6;NA;NA;NA;NA;NA;NA;NA;NA;NA;NA;4.8;4.1;4.7;5.1;5.4;5.3;5.7;5.9;NA;4.82354836976957;1.85;-2.34959719780449;-2.1808816679909;NA;-10.3528501871828;189.104;528;2157.2;-1.07146038553419;3.69080344867481;37.40904;150.8;10.3023690666587
11.06;9.91;4.4;5.4;5.6;5.6;5.6;5.8;6;NA;NA;NA;NA;NA;NA;NA;NA;NA;NA;NA;4.3;4.6;4.7;5.4;5.2;5.6;5.9;NA;NA;5.01997365177851;1.35;-0.862572894115586;-1.34017678927858;NA;-11.0807312872918;193.588;537.3;2203.6;-1.54785550271453;3.28986630552794;37.67614;152.9;10.1077743923601
11.3;11.06;3.7;4.6;4.7;4.8;5;5.1;NA;NA;NA;NA;NA;NA;NA;NA;NA;NA;NA;NA;3.4;4.3;4.8;4.1;4.3;4.6;NA;NA;NA;5.23580588489012;1.36;0.713546488480954;-1.26488595842024;NA;-7.62078673471697;197.375;541.7;2232.8;-0.784422566881948;3.86243765376157;38.46619;155;9.8583764716807
8.38;11.3;4.5;4;4.1;4.4;4.6;NA;NA;NA;NA;NA;NA;NA;NA;NA;NA;NA;NA;NA;4.1;4.5;3.6;3.7;3.9;NA;NA;NA;NA;5.45644127000678;1.27;0.593624768231124;-1.38535180469072;NA;-8.5720038785516;201.16;547.6;2282.2;-1.24629241035798;5.60842281100005;40.09466;160.9;9.67548344343781
8.58;8.38;3.1;3.3;3.5;3.8;4;4;4.2;4.4;NA;NA;NA;NA;NA;NA;NA;NA;NA;NA;4.2;2.8;3.1;3.3;3.7;3.5;3.7;4.1;NA;5.12990442265276;1.17;0.609229415859202;-1.32630549941214;NA;-5.60710341742606;202.04;562.4;2350.9;-0.951518173033563;2.83180095260072;40.376;161;9.41118153584637
7.53;8.58;4.1;3.4;3.7;4;4;4.2;4.4;NA;NA;NA;NA;NA;NA;NA;NA;NA;NA;NA;2.9;2.7;3.1;3.7;3.5;3.7;4.2;NA;NA;5.26986737945924;1.28;0.340864289319979;-1.34929982986521;NA;-5.45676619651138;207.484;575.9;2392.5;-1.55641254056874;3.66768209069992;41.24863;169.1;9.5286931433981
7.92;7.53;2.3;2.9;4.1;4.5;4.6;4.8;NA;NA;NA;NA;NA;NA;NA;NA;NA;NA;NA;NA;3.1;2.7;3;4.3;4.3;4.5;NA;NA;NA;5.28284531657213;1.18;-0.129089483851212;-0.746810496836432;NA;-8.8522562015082;213.251;596.2;2443.3;-1.02891887442131;2.69424089188774;41.48507;169.7;9.30830567444626
8.27;7.92;3.7;4.3;3.7;3.9;4;NA;NA;NA;NA;NA;NA;NA;NA;NA;NA;NA;NA;NA;3.7;4;3.4;3.5;4.1;NA;NA;NA;NA;5.2129475352542;0.99;0.0535477065025751;-0.929993577392417;NA;-2.21206328887757;220.073;613.3;2479.3;-1.18568155256886;6.52061842172795;43.69859;181.3;9.31682444800513
7.48;8.27;1.8;-0.2;2.6;3.7;4.1;4.1;4.4;4.4;NA;4.4;4.6;4.6;4.7;4.9;4.9;5.2;5.3;NA;3.3;2.9;2.4;2.9;3.6;3.6;3.9;4.3;NA;4.90808098181855;1;0.177890202412631;-0.91900767536881;2.45;-2.80464113463897;220.27;626.7;2516;-0.995528166133792;2.07871787774287;43.99212;184.8;9.30131426362582
6.92;7.48;-1.5;2.8;3.7;4;4;4.2;4.3;NA;NA;4;4.4;4.5;4.7;4.7;4.9;5;NA;NA;2.1;2.2;2.8;3.3;3.3;3.6;3.9;NA;NA;4.99621880514243;1.2;0.011700931733777;-1.36229470975554;2.67;-4.51432531627508;227.209;651.2;2582.5;-1.58639687002302;3.58565560699287;45.20875;183.9;8.93000652147839
5.89;6.92;2.8;3.5;3.9;3.6;3.8;3.7;NA;NA;NA;3.3;3.4;4;4.1;4.4;4.4;NA;NA;NA;2;1.5;2.8;2.9;2.8;3.2;NA;NA;NA;5.08403150554357;1.01;0.533205633387989;-1.2563913440262;2.88;-8.2204402059091;233.779;678.8;2647;-1.11936562060057;3.15249375286157;46.00623;190.8;8.97753921321373
6.91;5.89;3.2;3.9;3.8;3.6;3.5;NA;NA;NA;NA;4.1;3.7;3.7;3.9;4;NA;NA;NA;NA;0.8;2.8;2.7;2.6;2.6;NA;NA;NA;NA;4.76712656511684;0.81;0.413632954114282;-1.61710037174721;2.83;-3.82207043124593;242.528;708.3;2705.6;-0.85819749199493;4.12630576551312;47.43297;211.3;9.54021405657758
6.13;6.91;5.1;3.6;3.8;3.6;4.1;4.2;4.5;4.6;NA;4.1;3.5;4.2;4.2;4.5;4.7;4.9;5;NA;2.8;3;3;2.6;3.3;3.3;3.4;3.4;NA;4.41533476679779;0.619999999999999;0.327695490409673;-1.78735949880228;2.47;0.662865579936064;244.733;731.6;2748.4;-0.87431508191599;1.42952465952266;47.43727;196.4;8.74161668277901
6.73;6.13;4.4;4;3.8;4.4;4.7;4.9;4.9;NA;NA;4.4;4.4;4.4;4.9;5.2;5.4;5.4;NA;NA;3.6;3.2;2.6;3.7;3.6;3.7;3.8;NA;NA;4.21689116114443;0.33;0.60775130183172;-1.52978575691509;2.02;-4.28327388685364;251.01;744.3;2771.7;-0.866691626040815;2.7469560961265;47.8958;212.3;9.19327795137566
7.22;6.73;3.8;3.9;4.5;5.1;5.1;5.3;NA;NA;NA;3.9;4.7;5.1;5.6;5.8;5.9;NA;NA;NA;3.3;2.6;4;4.2;4.2;4.4;NA;NA;NA;4.04541327840526;0.0300000000000002;1.16114936347876;-1.46747992028504;2.03;-4.14014286604023;255.206;745.2;2788.9;-0.536211852033925;1.75904773705007;47.95994;211.9;9.01595854446093
6.77;7.22;3.8;3.8;4.3;4.5;5;NA;NA;NA;NA;4.5;4.3;4.8;5.1;5.3;NA;NA;NA;NA;2.5;3.9;3.4;3.7;3.9;NA;NA;NA;NA;3.87074310143049;-0.16;1.41417873231148;-0.664813971874176;2.25;-14.6703745500924;262.449;753.2;2820;-1.07973797822343;3.40635761868349;48.4145;222.6;9.15403326458898
6.58;6.77;3.5;4.3;5.2;5;4.9;5.2;5;5.1;NA;4.5;4.9;5.2;5.2;5.3;5.3;5.2;5.2;NA;3.4;3.1;3.8;3.8;4;4.1;3.9;3.9;NA;4.00856440586835;-0.25;1.86489058586255;-0.913714027708484;2.33;-4.16362866409228;263.455;758.6;2869.5;-0.396766497143898;2.27019226160703;48.86558;217.5;8.7435393284399
7.51;6.58;4.8;4.8;5;4.6;4.8;4.6;4.7;NA;NA;4.7;4.5;5.2;5.1;5.1;5;5;NA;NA;4.7;4.2;4.3;4.4;3.7;3.5;3.6;NA;NA;3.8559701350399;-0.44;1.87470973931722;-0.404299959923611;2.07;-4.38005657124795;270.117;772.7;2925;-0.896804901835685;2.38750283932436;48.92094;227.6;8.93370219527283
8.19;7.51;4.8;4.7;5;4.8;4.7;4.8;NA;NA;NA;4.4;5.3;5.1;5.1;5.2;5.3;NA;NA;NA;3.8;4.4;3.9;3.8;3.6;3.4;NA;NA;NA;3.8631764105086;-0.43;2.96878313786979;-0.615139926791336;1.98;-7.2043492653958;275.292;782.8;2952;-0.648890038115262;2.11769873859833;49.10242;229.2;8.80798929206747
8.76;8.19;4.5;4.1;4.8;4.7;4.9;4.8;4.8;4.7;4.7;5.1;4.7;5.2;5.3;5.4;5.3;5.2;5.1;5.1;4.6;2.9;4.1;3.7;3.8;4.9;3.9;4.2;4.2;3.83208255159475;-0.62;2.74605383524055;-0.0789073650742204;1.56;-7.02525761381133;279.463;785;2977.9;-0.724224880743798;3.1103550983488;49.59432;238.4;8.88096820434571
9.85;8.76;5.4;5.4;5;4.8;5.2;5.2;5.2;5.1;NA;5.2;5.2;5.3;5.6;5.8;5.8;5.7;5.7;NA;3.9;4.7;4.3;4.2;5.2;4.4;4.4;4.3;NA;3.40955644110089;-0.71;2.55033847880713;0.151994933502225;1.43;-6.5426283731933;278.741;784.2;2994.5;-0.763552402252347;2.0831344816429;49.58747;228.6;8.34033225607082
9.53;9.85;6.6;4;3.8;4.5;4.8;4.7;4.6;NA;NA;4.3;4.6;5;5.1;5.1;5;4.9;NA;NA;5.4;3.5;3.8;4.6;4.3;4.2;4.2;NA;NA;3.88197462676885;-0.71;3.24683074106817;0.164539460904734;1.6;-5.89486806586965;281.961;775.9;3015.2;-0.506934760345263;2.13063128708821;49.74634;231.8;8.27879909554656
9.02;9.53;2.6;3.3;3.9;4.2;4.2;4.3;4.5;4.3;4.3;3.7;4.4;4.3;4.4;4.4;4.5;4.8;4.5;4.5;3.4;3.1;4.5;4.1;3.9;3.8;4.1;3.6;3.7;4.36856408644691;-0.7;3.16286177032606;0.148553025492157;1.78;-4.72289700688267;284.53;779.4;3073.1;-0.784238806296143;2.03310526106328;50.02856;221.1;7.7377196509732
8.45;9.02;3.6;3.6;4.2;4.3;4.3;4.6;4.4;4.4;4.4;4.2;4;4.4;4.5;4.5;4.8;4.5;4.5;4.5;3.8;3.9;4.2;4;4;4.6;3.8;3.8;3.7;4.21002272455448;-0.489999999999999;3.20585802781023;-0.3838231487005;1.91;-7.24670230665954;288.792;789.1;3133.1;-0.690095980204705;3.28966015140271;51.23701;226.8;7.68034069828791
8.28;8.45;7.7;3;4.2;4.5;4.7;4.5;4.5;4.5;NA;5.8;4.1;4.7;4.7;4.9;4.7;4.6;4.6;NA;5.6;3.4;4.1;4.2;4.4;4.1;4.1;4;NA;4.20664948547824;-0.59;2.6797341992346;-0.0234657846511461;1.68;-9.05438018583568;291.084;798.3;3178.2;-1.031478125147;3.29637809319454;51.80889;217.9;7.13967885534467
8.29;8.28;3.3;3.7;4.1;4.6;4.5;4.4;4.4;NA;NA;4.7;4.7;4.4;4.6;4.6;4.5;4.4;NA;NA;4.3;3.9;3.6;4.7;4.2;3.9;3.7;NA;NA;4.26245036249044;-0.57;2.59170812443462;-0.339535967511052;1.64;-6.02267724316971;298.808;806.4;3204.7;-1.11946206180415;2.96342753712775;52.61777;231.4;7.36062681749272
8.2;8.29;6.4;7.1;5.4;4.1;4.4;4.7;5.1;4.4;4.2;5.9;4.9;6.4;5.2;5.1;5;4.8;4.5;4.3;4.2;3.6;5.5;5;4.5;4.5;4.6;4;3.9;4.53691544466331;-0.16;1.36382081370858;-0.994037976218035;1.71;-12.7080123983236;305.689;815.3;3239.5;-0.901266978954325;2.80896809307514;53.62489;234.4;7.2495301259111
7.31;8.2;7.2;4.2;4;4.1;4;4;4;3.7;3.7;4.2;5.4;5;4.6;4.2;4.1;4.1;3.8;3.8;4.1;5.2;4;3.5;3.4;3.7;3.5;3.4;3.3;5.27525035241565;0.26;0.969607143088016;-2.4861787727845;2.2;-4.45631153519427;312.568;822.2;3263.5;-0.86030791276666;3.98671616766553;55.8634;235.1;6.98700079053263
6.12;7.31;3.7;2.7;4.2;4;4.2;3.8;3.5;3.5;NA;7;3.9;4.2;4.1;4.3;3.8;3.5;3.5;NA;4.5;3.7;3.5;3.3;3.6;3;2.9;2.8;NA;5.68828423036264;0.779999999999999;-0.239681559354199;-3.55930728396135;2.19;-1.76155262504673;309.21;832.8;3303.2;-0.731660934346809;2.93927067705475;57.2295;241;6.95488759776162
5.9;6.12;2.2;4;3.8;4.1;3.6;3.5;3.5;NA;NA;3.2;4.1;4.1;4.3;3.7;3.5;3.5;NA;NA;3;3.2;3.3;3.8;3.2;3;3;NA;NA;5.35475234270415;1.01;-1.33638282074231;-3.40249321555612;1.8;-5.92264253395221;315.493;849.5;3340.7;-1.33507888219429;2.07910273762284;57.58819;247.5;6.99550139796969
5.45;5.9;2.8;3.8;4.1;3.6;3.4;3.4;3.4;3.3;3.2;4.2;3.8;4.1;3.7;3.6;3.4;3.4;3.3;3.2;1.6;2.5;3.5;3.1;2.8;2.6;3.3;2.6;2.5;5.10455615565711;1.13;-1.72440252261591;-3.5186518641117;1.74;-3.91296120558855;320.621;866;3353.3;-1.48193023921635;3.5352801878922;58.94286;258.6;7.05535122198629
4.43;5.45;3.4;4;3.5;3.3;3.2;3.2;2.9;2.8;2.8;3.4;3.9;3.5;3.3;3.2;3.2;2.9;2.8;2.7;2.9;4.1;2.9;2.7;2.6;3.1;2.5;2.4;2.4;5.30343592489338;1.36;-1.84918967113129;-3.67299844020428;2.06;-2.11807982783469;328.962;887.5;3363.7;-0.810363895487595;3.65368031693869;60.54334;266.5;7.01002552017546
3.98;4.43;2.6;3.6;3.4;3.3;3.2;2.9;2.8;2.7;NA;3.8;3.8;3.3;3.1;3.1;2.9;2.8;2.7;NA;3.2;2.7;2.6;2.5;3;2.4;2.3;2.3;NA;5.24673982261682;1.69;-0.789733764145796;-3.11892701264775;1.89;-4.97849182074578;333.329;924.1;3392.5;-1.44632725510631;2.07192482785494;60.82761;265.8;6.84824212993212
3.76;3.98;3.6;4.1;3.4;3;3.1;3.1;3.1;NA;NA;4;3.5;3.4;3.3;3.2;3.1;3.1;NA;NA;2.7;2.5;2.8;3.2;2.5;2.5;2.4;NA;NA;5.00308377748935;1.92;-0.805529658412543;-2.64818880351262;1.75;-3.31456573612991;334.921;949.6;3394.6;-1.3723323918904;2.6283927490196;61.37511;276.9;6.94915696612204
3.22;3.76;2.9;3.6;3.1;2.8;2.7;2.6;2.4;2.2;2;2.7;3.5;2.9;2.7;2.7;2.6;2.4;2.2;2;2.5;2.1;2.7;2.2;2;1.8;2.2;1.7;1.5;5.02773288275051;1.95;-0.86529209467381;-2.30669981433112;2.09;-2.30024897174818;343.351;975;3398.2;-0.903026842700734;1.98695189186324;61.71139;279.7;6.8813303872612
2.92;3.22;3.5;2.4;3;2.9;2.6;2.5;2.4;2.3;2.2;3.7;3;2.8;2.7;2.6;2.5;2.4;2.3;2.2;2.8;3.2;2.2;2.4;2.2;2.5;2.1;1.9;1.8;4.29428770080872;1.79;-0.879579671468912;-1.94514807517904;2.13;-1.67086522081112;355.878;1014.8;3422.1;-1.27517109529286;2.72749364483911;62.36576;295;7.06246981991181
3.07;2.92;3.8;2.7;2.3;2.6;2.7;2.7;2.9;2.6;NA;4.3;3;2.7;2.7;2.7;2.7;2.6;2.6;NA;3.5;2.6;2.2;2.2;2.2;2.2;2.3;2.1;NA;4.07912687585266;1.52;-1.88377016296653;-2.39656154523328;2.13;-1.76083367673069;360.969;1034.1;3412.1;-0.593214389271914;1.27436593287431;62.69198;298.5;7.05577013080949
3.04;3.07;3.1;2.4;4;3.5;3.1;2.9;2.9;NA;NA;3.4;2.8;2.9;3.5;3.1;3;3;NA;NA;2.6;2.2;2.9;2.6;2.5;2.3;2.2;NA;NA;4.07801418439716;1.56;-1.69764660838144;-2.45706818672894;2.15;-3.05423960626459;371.845;1062.9;3427.2;-1.16794830510967;2.82849210191429;63.72189;313.1;7.19447603947656
3.09;3.04;1.5;3.6;3.8;3;2.8;2.7;NA;NA;NA;2.2;2.7;3.3;2.9;2.8;2.8;NA;NA;NA;2.3;2.3;2.3;2.3;2.1;2;NA;NA;NA;4.02193455591514;1.29;-2.00089589269841;-2.63090650776293;2.01;-2.38423291851611;381.573;1094.3;3443.5;-0.72893697509131;1.35882536769163;63.89573;319.4;7.24018579667772
2.96;3.09;2.9;2.9;3.5;3.2;3;3;2.9;2.9;2.9;2.7;3.3;2.9;2.9;2.9;3;2.9;2.8;2.8;2.3;2.7;2.6;2.4;2.1;2.4;2.1;2;2;3.93243882624959;1.12;-0.748729286788148;-1.99591882315916;1.94;-2.51822728659047;392.941;1122.3;3463.8;-0.770098468024487;2.77642863232899;64.49333;332;7.31972907301584
3.34;2.96;2.1;3.6;3.4;3;3.4;3.1;2.9;2.9;NA;2.6;3.1;2.9;2.9;3;2.9;2.9;2.9;NA;2.5;2.5;2.3;2.2;2.8;2.2;2;1.9;NA;4.01605358281948;1.16;0.122700713635457;-1.71104770163037;1.77;-4.75159199577456;398.821;1136;3473.3;-0.519941348265093;0.882006552807901;64.12103;337.3;7.37127745571388
4.25;3.34;2.7;3.7;3.6;3.4;3.1;3;2.9;NA;NA;3.1;3.3;3.2;3.2;3.1;3.1;3.1;NA;NA;2.4;2.2;2.3;2.8;2.3;2.2;2.1;NA;NA;3.96404620624276;0.79;0.435729105252881;-1.0712426414641;1.51;-4.10235461007197;408.542;1143.2;3479.8;-0.896490999734958;1.51673900895251;63.9055;347.6;7.48202355588981
4.73;4.25;3.8;3.3;3.7;3.2;3.1;3;3;3;3;3;3.6;3.5;3.2;3.2;3.2;3.2;3.2;3.1;1.7;2.7;3;2.3;2.4;2.3;2.5;2.3;2.2;3.80853766771662;0.62;0.807448913836168;-1.20171759139614;1.51;-3.12439908177489;415.713;1151.1;3482.1;-0.658499489702237;1.00547484295799;63.82697;353;7.52224175590006
5.45;4.73;2.3;3.1;3.2;3;2.8;2.9;2.9;2.9;2.9;2.6;3.5;3.3;3;2.9;3;3.1;3.1;3.1;1.7;3.1;2.6;2.5;2.4;2.7;2.5;2.5;2.5;3.96671241982407;0.25;1.14045777959695;-0.805202237988577;1.37;-5.52874133478369;423.41;1150.6;3481.1;-0.487471606540001;2.26284028611285;64.20145;364.5;7.59351270272804
5.98;5.45;3.2;3.1;3.1;3;3;3;3;3;NA;3.5;3.2;3.1;3.1;3.2;3.2;3.2;3.2;NA;3.3;2.4;2.2;2.2;2.6;2.4;2.4;2.4;NA;3.46703913486834;0.17;1.7636538128676;-1.19890687902206;1.4;-2.86037250866391;425.615;1148.5;3485.5;-0.593832039182738;1.32378256381269;64.46551;363.7;7.47720654688334
6;5.98;3.5;2.8;2.9;3.1;2.9;2.8;2.8;NA;NA;3.6;3;2.9;2.9;2.9;2.9;2.9;NA;NA;2.2;2.8;2.3;2.4;2.2;2.2;2.1;NA;NA;4.00966348534258;0.4;1.9443479624776;-1.56854736760215;1.62;-2.79000331254666;434.131;1146.3;3518;-0.595975474260044;1.77797168290859;65.10765;372.6;7.52518695828146
5.8;6;2;2.8;3;3.1;2.9;2.7;2.7;2.7;2.7;2.6;2.9;2.8;2.8;2.7;2.7;2.7;2.7;2.7;2.7;2.6;2.8;2.1;1.8;1.9;2.1;1.9;1.8;4.32845970758246;0.42;1.42420248267457;-1.44804417500097;1.73;-3.02747429092032;435.931;1144.3;3579.6;-0.496294814344444;0.455621771016901;64.5427;367.7;7.39246595736254
5.6;5.8;2.3;3.1;3.2;3;2.9;2.9;2.9;2.9;2.9;2.7;2.7;2.9;2.9;3;3;3;3;3;1.9;2.6;2.2;2;1.9;2.1;1.9;1.9;1.7;4.0775746088693;0.35;2.00434379065302;-1.47955076852313;1.75;-3.50898119164217;440.501;1133;3614;-0.193153647404345;0.294741129644116;63.96134;378.2;7.58118654990864
5.31;5.6;3.2;3.4;2.9;2.9;3;3;3;3;NA;2.7;2.8;3;3;3.1;3.1;3.1;3.1;NA;3;2.4;2.5;2.5;2.8;2.7;2.5;2.7;NA;4.15989079970678;0.27;-0.744942516622307;-1.56563590880122;1.8;-3.36693663537193;439.301;1121.5;3658.7;-0.58174171531556;2.55535847557198;64.83873;377.1;7.36842064126949
5.27;5.31;4;2.6;2.7;3.2;3.4;3.1;3;NA;NA;2.6;3;3;3;3;3.1;3.1;NA;NA;2.1;2.6;2.7;2.8;2.8;2.8;2.7;NA;NA;3.78824021761875;0.29;-0.742087346967726;-0.606026280018131;1.58;-3.74692112474194;444.271;1118.8;3702.4;-0.247838795843495;0.842316123137721;64.02129;383.9;7.43837137837149
5.3;5.27;2.4;3.5;3.4;2.9;2.8;3.1;2.9;2.9;2.9;2.6;2.8;2.9;3;3.1;3.2;3;3;3.1;2.1;2.6;3;2.7;2.6;2.7;2.9;2.7;2.8;3.64171754645727;0.109999999999999;-0.729559320878775;-0.472966012006781;1.51;-4.28010085248463;450.899;1103.4;3737.2;-0.347254142955286;1.22735400613454;64.03739;383.9;7.34763420150509
5.29;5.3;3.3;3;2.3;2.6;2.7;2.7;2.7;2.8;2.8;2.7;2.7;2.8;2.9;2.9;2.8;2.9;2.9;3;2.5;3.2;2.3;2.3;2.3;2.6;2.5;2.6;2.7;3.68140773327159;0.13;-0.720559325723648;-0.240594519275426;1.57;-2.48549593128716;458.154;1083.5;3782.3;-0.188541813111287;1.86507413264145;64.23444;390.9;7.34336594797237
5.39;5.29;2.5;2.1;2.6;2.9;2.9;2.9;3;3.1;NA;2.2;2.7;3;3.1;3.2;3.2;3.2;3.3;NA;3.1;2.5;2.2;2.2;2.7;2.8;2.9;2.9;NA;3.48106206907887;0.0499999999999998;-0.703498175007374;-0.353613953017226;1.51;-4.3309306095097;461.573;1077.5;3829;-0.280613655774137;1.07844217271111;64.0422;395.1;7.34265149445538
5.56;5.39;1.1;2.4;2.8;2.7;2.8;3;2.9;NA;NA;2.9;2.6;2.9;2.9;2.9;3;3;NA;NA;1.9;2.1;2.2;2.5;2.5;2.6;2.6;NA;NA;3.45072376258629;-0.13;0.459087477876869;0.226289760388352;1.49;0.157469559591764;467.444;1064.6;3871.8;0.264930909609244;-0.0881097377352091;62.86499;410.9;7.64301449122244
5.54;5.56;2.1;2.7;2.1;2.3;2.4;2.5;2.7;2.8;2.7;1.9;2.8;2.5;2.5;2.6;2.6;2.8;2.8;2.8;1.5;2;2.2;2.1;2;2;2.4;2.1;2.1;3.40136606259227;-0.22;0.495879618721505;0.544116849545371;1.52;-2.78836969656925;474.292;1069.2;3932.3;-0.0826055284505349;0.685774893128155;62.27877;411.8;7.60740611836444
5.5;5.54;2.2;1.5;1.6;2;2.1;2.2;2.2;2.2;2.2;2.2;2;2;2.2;2.2;2.2;2.2;2.2;2.2;1.9;2.2;1.7;1.6;1.8;2;1.8;1.8;1.9;3.27243460764588;-0.399999999999999;1.00732416773024;0.34102504430639;1.53;-4.2851828537142;485.121;1069.6;3994.2;0.0692577269687026;1.63517402716611;62.61038;430.7;7.82751052815614
5.49;5.5;0.5;1.5;2.3;2.2;2.2;2.2;2.2;2.2;NA;2.5;2.2;2.3;2.3;2.3;2.3;2.3;2.3;NA;1.4;1.5;1.8;1.8;2;1.7;1.7;1.7;NA;3.31333493320534;-0.49;1.32322531555229;0.329670329670336;1.67;-0.819472043438242;490.221;1076.2;4067.1;0.00550546740512831;0.725013121651052;62.3466;433.2;7.81607187899306
5.56;5.49;2;2;2.2;2.4;2.2;2.2;2.2;NA;NA;2.7;2.2;2.1;2.3;2.3;2.3;2.3;NA;NA;1.7;1.6;1.7;1.9;1.6;1.6;1.7;NA;NA;3.30050318365011;-0.67;1.58320871954448;0.274568628999002;1.66;-4.02299176166805;495.819;1077.3;4142.8;0.613984399657201;0.0993475406817268;61.68004;439.8;7.92727384152842
5.51;5.56;1.9;1.9;2.4;2.1;2;2;2;2;2;2.1;2.1;2.1;2.1;2.1;2.1;2.1;2.1;2.1;1.5;1;1.8;1.4;1.4;1.4;1.6;1.4;1.4;3.24951980460197;-0.56;2.30737722023876;0.546115978016441;1.92;-8.44477040658004;505.301;1077;4212.7;0.0659884094166872;-0.392663475366639;60.41866;446;8.07065551275535
4.68;5.51;2;2.3;2.4;2.2;2.2;2.2;2.2;2.2;2.2;2.5;3;2.1;2.1;2.1;2.3;2.3;2.3;2.3;1;1.9;1.3;1.4;1.4;2;1.6;1.6;1.6;3.20641754926302;-0.649999999999999;2.52505805030841;1.14718317120957;2.58;2.06736603771011;519.112;1092;4321.2;-0.0666287537399327;1.58029788626362;60.20156;452.1;8.05277031507688
4.81;4.68;1.6;2.8;2.3;2.2;2.3;2.4;2.4;2.4;NA;1.7;2;2.2;2.3;2.5;2.5;2.6;2.6;NA;1.6;1.4;1.5;1.4;2.1;1.7;1.8;1.8;NA;3.16161079696335;-0.74;3.26737107016447;0.921200367459436;2.41;-2.89545488118733;528.423;1097.1;4397.7;0.399010174416118;0.663921446238902;59.82381;465.7;8.24012251365318
4.76;4.81;3.6;1.8;2.4;2.1;2.3;2.4;2.5;NA;NA;2.5;2;2.3;2.3;2.5;2.6;2.7;NA;NA;1.7;1.3;1.6;2.1;1.6;1.7;1.7;NA;NA;3.04081585135859;-0.73;3.73152127850028;0.730056080432482;2.2;-2.28458115457554;539.936;1101.7;4460.8;0.603826917674325;-0.227361496723866;59.00157;484.9;8.59937787961226
5.22;4.76;2.5;3.3;2.3;2.2;2.3;2.5;2.5;2.6;2.6;1.7;2.6;2.6;2.7;2.8;2.8;2.8;2.9;2.9;1.1;1.4;2.3;1.9;1.9;1.9;2.3;2;2;2.94072256431625;-0.83;3.5174158396431;0.982051303427185;2.22;-6.91039542689458;552.335;1098.3;4526.8;0.360407223320706;0.309711111198574;58.23822;489;8.64527177004072
5.3;5.22;2.9;2.6;2.3;1.9;2.2;2.3;2.6;2.5;2.6;2.6;2.2;2.8;2.5;2.7;2.7;3;2.8;2.9;1.7;2.1;1.6;1.7;1.6;2.1;1.8;1.9;1.8;2.83023205910303;-0.92;-0.137216781896418;1.72187507738531;2.09;-0.514097681115773;586.641;1112.1;4588.5;0.315475911625772;2.09623151476759;58.19094;478;8.2754928895684
5.85;5.3;3.9;4.4;1.1;1.7;1.9;2.3;2.3;2.5;NA;2.2;2.8;2.5;2.7;2.6;3;2.8;3;NA;2.9;2.6;1.6;1.7;2;1.8;1.9;1.9;NA;2.83119495321976;-1.01;-0.0931798635026701;1.03329600170036;1.86;-4.86113676007126;585.668;1112.8;4660.8;0.193310248522111;-0.0467380236697679;57.5555;501.7;8.68986550714034
6.53;5.85;3.6;3.7;1.6;1.9;2.3;2.3;2.5;NA;NA;2.8;2.4;2.8;2.7;3;2.8;2.9;NA;NA;2.6;2.3;1.7;2;1.8;1.8;1.9;NA;NA;2.76525967386447;-1.11;5.78440685169374;1.94457712328879;2.42;-6.70290104898545;580.368;1107.7;4739;1.14456797578905;-1.52636668826833;55.31983;504.9;8.8798013625896
6.52;6.53;3;2.7;2.4;2.5;2.4;2.4;2.4;2.4;2.5;2.5;2.7;2.7;2.7;2.7;2.8;2.8;2.8;2.9;1.8;2;2.3;1.8;1.8;1.8;2.2;1.8;1.8;3.19527700715857;-1.01;6.42687750247145;1.09776437758605;2.42;-6.43714548334003;583.799;1101.1;4795;0.629594507032004;-0.207022589639827;54.78382;511.4;9.01275761656444
6.4;6.52;2.8;2.5;1.9;1.9;2;2.1;2.2;2.3;2.3;2.5;2.6;2.6;2.6;2.6;2.6;2.6;2.6;2.6;2.3;2.7;1.8;1.6;1.7;2.1;1.7;1.7;1.7;3.22193723596862;-1.1;6.28598641707308;0.730895426342425;2.65;-8.83242368192685;591.278;1093.2;4865.6;0.492347693346914;-0.211054827230051;54.0685;511.7;9.03709784296466
5.31;6.4;3.6;1.3;1.8;1.9;1.9;1.9;2;2;NA;2.8;2.4;2.5;2.5;2.3;2.3;2.3;2.3;NA;3.4;1.3;1.6;1.7;1.9;1.6;1.6;1.6;NA;3.60164224641229;-0.8;5.57466522574811;-0.455862438194828;2.84;-9.12464825939385;597.882;1102.3;4993.1;0.133439121349119;1.95047157585755;54.94561;523.9;9.07384121903653
3.97;5.31;2.9;1.5;1.6;1.8;1.9;2.1;2.1;NA;NA;2.5;2.3;2.5;2.5;2.5;2.5;2.5;NA;NA;2.9;1.3;1.3;1.9;1.7;1.8;1.8;NA;NA;3.89042461594236;-0.6;5.09910578223695;-0.780621843360421;2.76;-1.86899373302963;605.581;1120.5;5118.2;0.916155930197881;-0.816052102014275;53.83154;535.1;9.34376263245801
3.07;3.97;0.6;1.6;1.6;1.8;1.9;1.9;2;2;2;2.5;2.5;2.4;2.3;2.3;2.2;2.2;2.2;2.1;3.7;0.1;1.8;1.5;1.6;1.6;2.1;1.7;1.6;4.05963320126963;-0.2;3.55384137043438;-1.9008021307566;2.94;-8.58035010345325;628.545;1164.9;5233;-0.338894283599293;1.39844569980383;54.58399;534.1;9.19678537826494
1.82;3.07;-0.6;1.3;2.2;2.1;2;1.9;1.8;1.8;1.8;2.4;2.2;2.1;2;1.9;1.9;1.8;1.8;1.8;0.3;1.9;1.6;1.5;1.5;1.8;1.3;1.3;1.3;4.41790635288379;0.5;2.58199483212746;-2.39306127466044;3.16;1.355561638369;641.798;1173.3;5350.2;0.191128230616114;2.31439353105554;55.53941;551.7;9.28250462400641
1.73;1.82;1.2;3.4;1.9;1.7;1.9;1.9;1.9;1.9;NA;2.2;2.4;2.2;2;2.1;2.1;2.1;2.1;NA;1.5;2.1;1.6;1.4;1.9;1.4;1.5;1.5;NA;4.05823921205772;0.7;1.66905019796914;-2.20569728863975;2.88;-1.74003775637795;655.785;1191.5;5444.1;-0.547908770863801;1.04763754792607;55.43484;575.4;9.58036853616498
1.75;1.73;3.4;1.7;2.1;1.9;1.9;1.9;1.9;NA;NA;2.4;2.2;2.2;2.1;2.1;2.1;2.1;NA;NA;1.3;0.9;1.4;1.8;1.4;1.4;1.4;NA;NA;4.04825142174835;0.8;2.6930607080748;-2.33685566034163;2.92;-6.64406581195336;668.658;1189.8;5487.2;-0.766668235866553;1.98542668569797;56.02726;590.7;9.64176918221573
1.75;1.75;1.8;2.2;2;1.8;1.8;1.8;1.8;1.8;1.7;2.1;2.2;2.1;2.1;2.1;2;2;1.9;1.9;1.1;1.2;1.9;1.5;1.4;1.4;1.8;1.4;1.3;3.94418405171093;0.7;1.27185922704401;-2.50293489058126;3.36;-8.10638224656139;679.824;1194.1;5590.7;-0.329508536603377;1.64745822292787;56.43;604.2;9.70098114458091
1.24;1.75;2.3;1.7;1.7;1.6;1.7;1.8;1.8;1.8;1.8;2;2.1;2;2;2;1.9;1.9;1.9;1.9;2.1;1.7;1.2;1.3;1.3;1.6;1.3;1.3;1.3;4.0182228858007;0.9;1.39613830390717;-3.05985104537434;3.6;1.20952336535219;689.855;1211.2;5705.5;-0.45614826462958;2.80961651321263;57.68932;629.4;9.82561331637554
1.25;1.24;3.8;2.8;0.4;1.1;1.4;1.4;1.4;1.5;NA;1.7;2.2;2;1.9;1.9;1.8;1.7;1.7;NA;2;1.4;1;1.2;1.6;1.2;1.1;1.1;NA;4.11034525059995;0.9;1.10233388565843;-3.17062840413437;3.2;-2.38081599621904;701.83;1234.8;5799.9;-0.947542126133225;0.85601226485732;57.53089;641.5;9.92914782992012
1.22;1.25;0.6;1.4;1;1.1;1.2;1.2;1.1;NA;NA;1;1.8;1.7;1.6;1.5;1.4;1.3;NA;NA;0.9;0.4;1.1;1.5;1;1;0.9;NA;NA;4.2644381802401;1.1;0.973178483925731;-2.87345286976044;2.85;3.58772165941937;712.747;1266.3;5915.2;-1.05007961609606;3.18885662732935;58.6606;652.1;9.77643434054645
1.01;1.22;2.2;1.3;0.6;0.8;1;1.1;1.1;1.1;1.1;1.7;1.7;1.5;1.4;1.4;1.4;1.3;1.3;1.3;1.5;1.1;1.1;0.9;0.9;0.9;1.3;0.9;0.9;4.01532720040545;1.1;0.848358858755448;-1.84674104521433;2.58;-0.203580380530616;719.866;1293.3;6036.2;-0.885063032161108;1.68286569240728;58.35064;656.1;9.67225488403908
0.98;1.01;1.3;1;0.9;1;1.2;1.2;1.3;1.3;1.4;1.8;1.6;1.5;1.5;1.5;1.5;1.5;1.5;1.5;1.1;1.2;0.9;0.9;1;1.4;1.1;1.1;1;3.65884488979798;0.8;2.08852057811244;-1.30007514463518;2.38;2.75088206053324;731.6;1300.7;6030.9;-0.572363912645262;3.11525919887181;59.22047;666.7;9.5270567267851
1;0.98;3.3;1.4;0.2;0.7;1;1.1;1.1;1.2;NA;1.3;1.3;1.4;1.4;1.4;1.4;1.4;1.4;NA;2.1;0.9;0.4;0.7;1.3;1.1;1.1;1.1;NA;3.52276199205622;0.7;2.49735049358012;-1.34069057528605;2.26;-0.494343725950302;736.168;1318.7;6078.7;-1.0953728725733;1.8841763224863;59.48307;674.1;9.45300199072565
1.03;1;4.5;2;1;1.3;1.5;1.7;1.7;NA;NA;3.1;2.2;2;2;2;2;2;NA;NA;2.6;1.1;0.8;1.5;1.3;1.3;1.3;NA;NA;3.39567602060195;0.6;2.79520134514004;-1.2422002219244;2.06;-0.649772507094919;745.648;1335.9;6208.3;-1.11794023328625;1.98913871146189;59.71674;687.4;9.4496610343076
1.61;1.03;1.8;1.1;1.6;1.5;1.5;1.5;1.5;1.5;1.5;1.5;1.8;1.9;1.9;1.8;1.8;1.7;1.7;1.7;0.8;1.1;2.1;1.7;1.5;1.5;1.9;1.5;1.5;3.35455027657801;0.4;2.69747698403225;-0.969483467228032;2.15;-2.26623968385208;758.906;1351.9;6278.2;-0.647149064237608;1.4292910650699;59.66391;700.3;9.49037769480718
2.16;1.61;3.6;0.6;1.4;1.7;1.7;1.7;1.6;1.7;1.7;2.4;2.1;2;2;1.9;1.9;1.8;1.8;1.8;1.9;1.6;1.3;1.5;1.6;1.9;1.5;1.5;1.5;3.23347239930291;0.4;2.91605127888021;-0.735037748066353;2.01;0.780943410510642;770.216;1370.6;6362.2;-0.41275894643987;2.89953078750784;60.46825;717.8;9.44953247983878
2.63;2.16;2.2;3.4;1.4;1.5;1.6;1.7;1.7;1.7;NA;2.2;2.2;2.1;2.1;2;2;2;1.9;NA;2.8;1.8;1.2;1.4;1.9;1.6;1.6;1.5;NA;3.22709193302205;0.3;2.99970604980849;-0.297711651062147;1.67;-3.41305434846308;773.862;1370;6398.9;-1.03402136193572;2.35221975699638;60.69238;717.3;9.22342325174468
3.04;2.63;4.2;2.8;2.3;2.1;2;1.9;1.9;NA;NA;2.1;2.4;2.4;2.4;2.3;2.2;2.2;NA;NA;2.5;1.6;1.9;2.2;1.9;1.8;1.8;NA;NA;3.1607755752133;0.0999999999999996;3.16140741863415;-0.383069050832209;1.81;-2.55813305246049;777.521;1367.6;6443.3;-0.558777070248307;0.76289796393656;60.40108;724.7;9.24775562955688
3.62;3.04;5.3;4.9;1.1;2.1;2.1;2;1.9;1.9;1.9;1.9;2.7;2.6;2.6;2.5;2.4;2.3;2.2;2.2;2.6;2.8;1.7;2.1;2.1;2.1;2.3;2;2;3.2837108311893;0;2.77983605234014;-0.135558164235015;1.77;-2.32746745777761;784.51;1374;6535.5;-0.484955909854573;1.22029218139481;60.07171;736.4;9.28308232621639
4.16;3.62;2.5;2;2.8;2.3;2.1;2;1.9;1.8;1.8;2.2;2.4;2.4;2.4;2.3;2.2;2.1;2.1;2.1;2.2;2.7;2.4;2.2;2;2.2;1.9;1.8;1.8;3.41741011885355;0.0199999999999996;2.94073106724868;-0.133401887080866;1.85;-3.30572078074061;794.604;1375.5;6623.3;-0.369780697638916;2.95247408960062;61.05707;744.2;9.10847468787686
4.59;4.16;2.1;2;2.3;2.3;2.4;2.2;2.1;2;NA;2.2;2.4;2.4;2.4;2.3;2.2;2.2;2.1;NA;3.4;2.6;2;2;2.1;2.2;2.1;1.9;NA;2.61719555673414;-0.27;2.54991128106268;0.533558183414086;1.73;-3.16881152800005;806.391;1381.2;6711;-1.0040462302846;2.42725288807542;61.33209;758.5;9.0608752244015
4.99;4.59;4.8;1.7;1.7;2.4;2.4;2.3;2.1;NA;NA;3.4;2.5;2.4;2.4;2.4;2.4;2.3;NA;NA;3.8;2.3;1.6;2.3;2.5;2.3;2.1;NA;NA;2.9873417721519;-0.37;3.11090016689381;0.336297427221521;1.67;-5.34119901135224;811.373;1380.6;6782.5;-0.213134983997102;0.582282909469889;61.01568;766.4;9.10209236485994
5.25;4.99;3.1;-0.2;3.3;2.8;2.6;2.3;2.2;2.1;2;3;2.9;2.6;2.5;2.5;2.4;2.4;2.4;2.3;2.2;1.9;2.6;2.8;2.6;2.3;2.5;2.6;2.4;3.2417803459752;-0.36;2.61556550666809;-0.0499661188646005;1.7;-3.2302184804744;810.54;1368.1;6879.9;-0.250976624377396;1.02714813171954;61.16385;768.9;9.03846655696844
5.24;5.25;-1.9;4.3;2.9;2.7;2.5;2.3;2.3;2.2;2.1;2.3;2.7;2.6;2.5;2.5;2.4;2.4;2.3;2.3;1.5;3.5;2.4;2.4;2.3;2.5;2.4;2.3;2.2;3.05437621277775;-0.55;2.30233436922241;0.27185392110104;1.65;-2.90362565096918;817.785;1369.1;6994.7;-0.0505801211460557;2.01610371083856;61.70892;778.9;8.97327073587041
5.26;5.24;3.3;3.2;2.3;2.3;2.3;2.2;2.2;2.1;NA;2.4;2.5;2.4;2.3;2.3;2.3;2.2;2.2;NA;3.9;2.7;2;2.1;2.4;2.3;2.2;2.1;NA;2.98410945367619;-0.45;2.5209703530119;-0.113276401201956;1.62;-4.91988981099884;821.312;1368.4;7095.8;-0.908747419302915;1.93322704051546;62.17621;780.9;8.82406283175691
5.25;5.26;6;1.9;1.9;2.2;2.2;2.1;2.1;NA;NA;1.9;2.4;2.4;2.3;2.3;2.2;2.2;NA;NA;2.9;1.3;1.9;2.2;2.3;2.2;2.1;NA;NA;2.95249483639526;-0.44;1.8779120482503;0.205290276399056;1.64;-2.85887920805615;825.278;1374.9;7216.4;0.0382845578698343;0.203326280040983;61.48587;790.5;8.91439776166859
4.94;5.25;1.9;2.6;1.4;1.8;1.9;1.8;1.8;1.8;1.8;2.6;2.3;2.2;2.2;2.1;2.1;2.1;2.1;2.1;0.8;2.3;2.1;2.1;2.1;2;2.2;2.1;2;2.96961576069243;-0.24;1.08562836148608;0.441070672162123;1.9;-3.78515473913568;828.653;1372.4;7329;-0.220963103895916;1.56616813445272;61.82456;779.6;8.65486270396961
4.24;4.94;4;2.9;2.1;1.9;1.7;1.8;1.8;1.8;1.8;2.3;2.3;2.2;2.2;2.1;2.1;2.1;2.1;2.1;1.8;2.5;2.2;2;1.9;2.1;2;1.9;1.9;3.17981346251175;-0.13;1.46516588498301;0.36821809222859;2.24;-4.68983905336625;833.515;1374.7;7406.7;-0.215115564481639;2.42947876741972;62.84633;740.6;8.02455518219836
2.61;4.24;5;4.8;1.7;1.8;1.8;1.7;1.7;1.8;NA;3;2.4;2.4;2.3;2.2;2.2;2.1;2.1;NA;2.5;1.6;2;2;2.1;2.1;1.9;1.9;NA;3.29531326799086;0.0700000000000003;1.18234841082062;-0.744607098098824;3.08;-5.52236855052309;831.053;1384.1;7549.4;-1.06321144405066;2.23317377752608;64.33963;591.2;6.2643084667554
2;2.61;4.7;7.6;3.5;2.7;2.1;2;2.1;NA;NA;1.7;2.6;2.7;2.5;2.4;2.3;2.3;NA;NA;0.2;3;2.3;2.4;2.3;2.1;2;NA;NA;3.48491441833478;0.37;0.662497587446165;-0.682322018823599;3.11;-2.72383290243003;835.028;1395.7;7679.3;-0.738100448442673;0.574889589412919;64.07889;478.8;5.04424459908685
1.81;2;7.2;-0.4;2.3;2.6;2.3;2.2;2.1;2;2;3.4;2.7;2.5;2.3;2.2;2.2;2.2;2.1;2.1;4.9;2.7;2.3;2.3;2.1;2;1.9;2;1.9;4.09203245631302;1.08;0.202559352980617;-1.57047299262354;3.34;-4.58907675535473;868.111;1427.4;7770.2;-1.09724524358226;5.46045707103673;67.5384;476.6;4.75424512891875
0.16;1.81;-8.5;-3.2;2.6;1.9;1.4;1.4;1.3;1.2;1.1;0.8;1.6;1.5;1.3;1;1;1;1;0.9;2.4;2.1;1.6;1.4;0.9;0.8;0.9;0.8;0.7;4.98362397096574;1.98;-0.251790694046279;-4.03049535196061;5.58;-8.82145614084237;1415.009;1529.8;8021.3;-2.77249873063351;6.51709756077921;73.53868;475.9;4.44774460842978
0.18;0.16;-2.4;0.9;1.4;1.3;1.2;1.1;1;1;NA;1.3;1.6;1.2;1;0.8;0.7;0.7;0.6;NA;3.4;0.9;1.1;0.9;0.8;0.8;0.7;0.6;NA;6.05576434052704;3.38;-1.81949857022674;-5.7006035161375;5.49;-4.34512331278755;1640.339;1579;8282;-2.93751117618873;3.91437677412334;77.35691;492.3;4.42439660639883
0.21;0.18;1.2;4.5;2.3;1.9;1.5;1.2;1.1;NA;NA;2.3;1.2;1.1;1;1;0.9;0.9;NA;NA;-0.6;1.6;1.6;1.4;1.2;1;0.8;NA;NA;6.05853131585153;4.33;-4.42006707118688;-6.11548195962252;4.65;4.55295344289767;1737.351;1628.6;8381.5;-1.82096032395943;3.69069776142332;80.50874;656.5;5.68630890126047
0.15;0.21;3.6;1.8;1.6;1.7;1.5;1.3;1.2;1.1;1.1;1.5;1.5;1.2;1.2;1.2;1.2;1.1;1.1;1.1;0.7;1;1.4;1.2;1.1;1.1;1.2;1.1;1;5.55806770541935;4.6;-5.57875497747037;-6.06983538987296;3.15;4.4943784451518;1728.512;1659;8403.6;-2.25583553771736;3.10876792590555;82.79856;769.2;6.45853155897801
0.12;0.15;3.3;1.2;1.9;1.6;1.5;1.5;1.4;1.3;1.3;1.7;1.4;1.3;1.2;1.2;1.2;1.2;1.2;1.3;0.7;1.3;1.5;1.3;1.1;1.3;1.1;1.1;1;5.0360874717225;4.88;-5.10284469022065;-5.40253961645547;2.86;1.72112390543251;1995.714;1683.9;8450.8;-2.15088942222911;3.31575782777165;84.51824;776.6;6.30800085352141
0.16;0.12;1.6;1.4;1.6;1.2;1.1;1.1;1.1;1;NA;0.2;1.1;1.1;1.1;1.1;1;1;1;NA;2;0.8;1.2;0.9;1;0.9;0.9;0.9;NA;4.79392958939989;4.74;-4.49801978456308;-5.20856996358869;2.57;1.4757477107299;2063.245;1698.3;8459;-1.89231523889611;3.68216778069304;87.00386;776.7;6.08073687225904
0.18;0.16;-1;0.9;1.8;1.2;1.1;1;0.9;NA;NA;0.6;0.7;0.7;0.8;0.8;0.8;0.8;NA;NA;1.1;0.6;1;0.9;0.8;0.8;0.7;NA;NA;4.61117414369385;4.52;-4.21501688266168;-4.50350682908822;2.69;-4.35895498228733;2009.738;1713.2;8548.2;-2.84864235595882;3.30093802519578;88.67047;777;5.88556462637799
0.19;0.18;1.6;1.5;1.5;1.3;1;1;1.1;1;1.1;1.6;1.3;1;0.9;0.9;0.9;1;1;1;1.9;0.4;1.2;1;0.9;0.9;1.2;1.2;1.1;4.60825959606803;4.4;-4.68849251810965;-4.069091191067;2.99;3.23441500334085;1983.063;1742.9;8619.8;-1.86922530845711;2.68913139240823;90.06437;811.7;5.98527226315554
0.18;0.19;2.2;1.8;1.1;1;0.9;0.9;0.9;0.9;1;0.3;0.9;0.9;0.9;0.9;0.9;1;1;1.1;0.2;1.2;0.9;0.8;0.8;1.1;1.1;1.1;1.1;4.29857504531861;4.39;-4.77775667635036;-3.68460075432771;3.04;3.09855544366382;1983.953;1814.3;8733.9;-1.90444948782931;3.36128891815939;92.08819;1021.5;7.28331080842611
0.14;0.18;4.6;2.8;0.9;0.9;0.9;0.9;1;1.1;NA;1.5;1.3;1;1;1.1;1.2;1.2;1.3;NA;1.6;2.4;1;1;1.3;1.3;1.3;1.3;NA;4.09206380690097;3.87;-4.33465588669566;-4.3107827440087;2.63;1.63005614999545;2218.284;1875.2;8854.7;-2.68865211397523;1.731063918497;93.64575;1340.4;9.3930574065491
0.09;0.14;4.2;0.6;1.5;1.5;1.5;1.5;1.5;NA;NA;2.4;1.9;1.4;1.5;1.6;1.6;1.6;NA;NA;3.8;1.6;1.3;1.6;1.5;1.5;1.5;NA;NA;4.14819986643191;3.96;-4.35720941301068;-3.88324612701344;2.65;-0.180738876317249;2570.769;1931.5;9026.7;-1.82739883665731;0.510066372581264;92.77007;1619.5;11.2911537104948
0.08;0.09;2.7;1.2;0.6;1.2;1.4;1.4;1.4;1.4;1.3;2.6;2;1.7;1.6;1.6;1.5;1.4;1.4;1.4;2.8;1.8;0.7;2.1;1.2;1.2;0.9;2.2;1.3;4.06449318675332;3.85;-5.47359477611626;-3.96330157918291;3.04;-5.17476530220923;2660.053;2077.5;9422.1;-2.04727879297557;3.070618099391;94.88834;1664.7;11.2553193503327
0.07;0.08;0.9;1.5;1.5;1.4;1.2;1.2;1.2;1.2;1.2;1.7;1.8;1.6;1.5;1.5;1.5;1.5;1.5;1.5;1;1.7;1.6;1.6;1.4;1.5;1.4;1.4;1.4;4.10866027843066;3.45;-5.26656320920563;-3.17927733267046;3.21;3.51438679116345;2620.921;2155.6;9584.2;-1.50684132921771;2.88292357006696;96.43744;1663.4;10.9269300148329
0.13;0.07;NA;NA;NA;NA;NA;NA;NA;NA;NA;NA;NA;NA;NA;NA;NA;NA;NA;NA;NA;NA;NA;NA;NA;NA;NA;NA;NA;3.59261256403343;3.17;-5.15137965316639;-2.84828423119198;3.16;3.70662882181262;2663.468;2216;9759.1;-2.51844107346119;2.4885146840731;97.70011;1661.1;10.6436297962172
0.16;0.13;NA;NA;NA;NA;NA;NA;NA;NA;NA;NA;NA;NA;NA;NA;NA;NA;NA;NA;NA;NA;NA;NA;NA;NA;NA;NA;NA;3.67110155445057;3.08;-4.97530079501016;-2.72221272392242;3.27;-1.20440960575354;2625.027;2260.8;9903.5;-1.68434884437906;1.57985941306542;98.34472;1659.9;10.4692281702023
0.14;0.16;NA;NA;NA;NA;NA;NA;NA;NA;NA;NA;NA;NA;NA;NA;NA;NA;NA;NA;NA;NA;NA;NA;NA;NA;NA;NA;NA;3.64107297031766;2.9;-4.97795245914196;-2.94555642494763;3.23;1.76788712027607;2631.137;2349.5;10092;-1.09384233516309;1.32329343829518;99.00381;1645.3;10.2407283844882
0.16;0.14;NA;NA;NA;NA;NA;NA;NA;NA;NA;NA;NA;NA;NA;NA;NA;NA;NA;NA;NA;NA;NA;NA;NA;NA;NA;NA;NA;3.6139843547251;2.73;-4.95183802831143;-3.27320511288974;2.87;-0.426726737322982;2644.843;2433.9;10314.7;-1.27807631632454;2.2554901691386;100.831;1666.1;10.138911793719
0.14;0.16;NA;NA;NA;NA;NA;NA;NA;NA;NA;NA;NA;NA;NA;NA;NA;NA;NA;NA;NA;NA;NA;NA;NA;NA;NA;NA;NA;3.37964978563575;2.65;-5.11637936423932;-2.95971035554108;2.86;3.09510044935879;2840.677;2476.6;10478.7;-1.52214138659482;2.03988441674845;101.7965;1796;10.7087186201303
0.09;0.14;NA;NA;NA;NA;NA;NA;NA;NA;NA;NA;NA;NA;NA;NA;NA;NA;NA;NA;NA;NA;NA;NA;NA;NA;NA;NA;NA;3.30563331643412;2.47;-4.79298598044739;-3.14315488633597;2.84;0.728714650798455;3110.047;2525.8;10603.9;-0.36736624809198;-0.197322027595703;101.19047;1936.6;11.5698588627771
0.08;0.09;NA;NA;NA;NA;NA;NA;NA;NA;NA;NA;NA;NA;NA;NA;NA;NA;NA;NA;NA;NA;NA;NA;NA;NA;NA;NA;NA;3.15786392277687;2.3;-4.56925574730506;-2.77539501982869;2.7;1.49650172224339;3392.249;2557.8;10751.9;-0.961595326022415;-0.000836407629023483;99.93361;2072.3;12.3806769911663
0.09;0.08;NA;NA;NA;NA;NA;NA;NA;NA;NA;NA;NA;NA;NA;NA;NA;NA;NA;NA;NA;NA;NA;NA;NA;NA;NA;NA;NA;3.25520738468712;1.92;-4.13026027549098;-2.21403584806365;2.61;3.09275783585693;3663.843;2632.9;10942.3;-0.506658408403642;2.46625654535215;100.91894;2208.8;12.8747066862849
0.08;0.09;NA;NA;NA;NA;NA;NA;NA;NA;NA;NA;NA;NA;NA;NA;NA;NA;NA;NA;NA;NA;NA;NA;NA;NA;NA;NA;NA;3.09752822039127;1.75;-3.51262530072046;-2.89040867800959;2.35;0.379673866979089;3815.905;2724.7;11116.9;-1.07369894003399;2.56137125437803;103.38338;2614.6;14.8546462130169
0.1;0.08;NA;NA;NA;NA;NA;NA;NA;NA;NA;NA;NA;NA;NA;NA;NA;NA;NA;NA;NA;NA;NA;NA;NA;NA;NA;NA;NA;2.9729905253967;1.27;-4.03950220992549;-2.33883647798743;2.2;1.4990945252468;3930.299;2799.8;11291.9;-0.634294298637695;0.178118618523015;102.00749;2705.9;15.3460016063422
0.09;0.1;NA;NA;NA;NA;NA;NA;NA;NA;NA;NA;NA;NA;NA;NA;NA;NA;NA;NA;NA;NA;NA;NA;NA;NA;NA;NA;NA;2.80084700139971;1.18;-4.0544874148758;-1.55365935712757;2.24;0.174450695738275;4037.771;2831.8;11436.2;-0.616251787807883;1.08000454217319;101.44951;2767.3;15.5256338464989
0.12;0.09;NA;NA;NA;NA;NA;NA;NA;NA;NA;NA;NA;NA;NA;NA;NA;NA;NA;NA;NA;NA;NA;NA;NA;NA;NA;NA;NA;2.67669774015332;0.82;-3.4998073161928;-1.39800928351263;2.46;1.41254960121588;3922.11;2891.5;11575.5;-0.474924410156411;1.76491974758157;102.53922;2793.4;15.397892251576
0.11;0.12;NA;NA;NA;NA;NA;NA;NA;NA;NA;NA;NA;NA;NA;NA;NA;NA;NA;NA;NA;NA;NA;NA;NA;NA;NA;NA;NA;2.69189519365309;0.67;-2.9955136997914;-1.30848605070156;2.53;0.115229999873623;3962.733;2981;11799.3;-1.13479162395455;0.0584787926346308;102.07189;2797.5;15.4114773555128
0.13;0.11;NA;NA;NA;NA;NA;NA;NA;NA;NA;NA;NA;NA;NA;NA;NA;NA;NA;NA;NA;NA;NA;NA;NA;NA;NA;NA;NA;2.55565764364973;0.61;-3.46077538053182;-1.08554479609035;2.67;-0.0971369020094485;3976.132;3001.3;11936.1;-0.219070147457268;-0.000319523544334288;100.85396;2798.5;15.4170356343142
0.14;0.13;NA;NA;NA;NA;NA;NA;NA;NA;NA;NA;NA;NA;NA;NA;NA;NA;NA;NA;NA;NA;NA;NA;NA;NA;NA;NA;NA;2.5081964906356;0.33;-3.8658089521896;-1.01303591946243;3.02;-2.43579263055673;3991.241;3033.7;12082.7;-0.635547350528277;-0.00760275788742604;100.04805;2802.1;15.4380418341679
0.24;0.14;NA;NA;NA;NA;NA;NA;NA;NA;NA;NA;NA;NA;NA;NA;NA;NA;NA;NA;NA;NA;NA;NA;NA;NA;NA;NA;NA;2.44617915776945;0.24;-3.56447624881199;-1.20892616444511;3.23;1.9646154271936;3967.668;3056.4;12236.8;-0.659943469937099;4.16301164075072;103.83793;2810.1;14.8508266410544
0.36;0.24;NA;NA;NA;NA;NA;NA;NA;NA;NA;NA;NA;NA;NA;NA;NA;NA;NA;NA;NA;NA;NA;NA;NA;NA;NA;NA;NA;2.47065056746884;0.15;-3.69686989545131;-1.40685408811035;3.38;-0.0333177482896838;3854.546;3127.3;12511.3;NA;1.79520855837652;105.37885;2815.3;14.6135941567217
0.38;0.36;NA;NA;NA;NA;NA;NA;NA;NA;NA;NA;NA;NA;NA;NA;NA;NA;NA;NA;NA;NA;NA;NA;NA;NA;NA;NA;NA;2.42369090126012;0.15;-3.8124280000411;-1.45355574439764;2.91;0.367154492587323;3844.973;3230.8;12740.6;NA;0.60368863270206;105.0487;2819.1;14.5452455373762
0.4;0.38;NA;NA;NA;NA;NA;NA;NA;NA;NA;NA;NA;NA;NA;NA;NA;NA;NA;NA;NA;NA;NA;NA;NA;NA;NA;NA;NA;2.32550101274048;0.16;-3.80682960131093;-0.990860876976995;2.69;0.784507754204544;3775.053;3295;12947.3;NA;0.985010262649411;104.80927;2830.1;14.4588752771932
0.54;0.4;NA;NA;NA;NA;NA;NA;NA;NA;NA;NA;NA;NA;NA;NA;NA;NA;NA;NA;NA;NA;NA;NA;NA;NA;NA;NA;NA;2.43443757878857;-0.04;-3.48530809014828;-0.870236838847008;2.5;0.637460634274031;3577.822;3333.7;13131.1;NA;2.03991511373935;105.8689;2843.7;14.234993375074
0.79;0.54;NA;NA;NA;NA;NA;NA;NA;NA;NA;NA;NA;NA;NA;NA;NA;NA;NA;NA;NA;NA;NA;NA;NA;NA;NA;NA;NA;2.03469620235791;-0.04;-3.31466882012588;-0.972561548581107;2.22;1.20533475495637;3732.705;3398.9;13313.4;NA;-0.654931357727406;NA;2859.1;14.4061246310418
0.9;0.79;NA;NA;NA;NA;NA;NA;NA;NA;NA;NA;NA;NA;NA;NA;NA;NA;NA;NA;NA;NA;NA;NA;NA;NA;NA;NA;NA;NA;NA;-3.50939803737809;NA;NA;NA;NA;NA;NA;NA;NA;NA;NA;NA
